2.233837509155273438e+01
2.445125985145568848e+01
2.084194779396057129e+01
3.064621996879577637e+01
3.432458090782165527e+01
3.774527406692504883e+01
2.911856698989868164e+01
2.666546010971069336e+01
2.956880712509155273e+01
3.207335591316223145e+01
1.808807206153869629e+01
2.497331905364990234e+01
3.649355912208557129e+01
2.384793782234191895e+01
2.530931425094604492e+01
1.333481621742248535e+01
1.563437271118164062e+01
1.112635803222656250e+01
1.789254498481750488e+01
2.915520095825195312e+01
1.033650517463684082e+01
1.088409090042114258e+01
8.990386009216308594e+00
1.730938696861267090e+01
2.269882011413574219e+01
1.427550292015075684e+01
2.234777283668518066e+01
4.613412523269653320e+01
2.255855369567871094e+01
3.485436606407165527e+01
2.877104568481445312e+01
3.173665404319763184e+01
1.714628291130065918e+01
2.226218509674072266e+01
2.356647610664367676e+01
1.467227792739868164e+01
3.493743109703063965e+01
1.167888283729553223e+01
1.414903092384338379e+01
2.022608613967895508e+01
4.534584498405456543e+01
5.137820291519165039e+01
2.653623700141906738e+01
1.283721995353698730e+01
1.102638292312622070e+01
2.887278294563293457e+01
1.617430186271667480e+01
1.708679986000061035e+01
2.035778093338012695e+01
3.112507104873657227e+01
2.112590312957763672e+01
1.788278985023498535e+01
1.883283805847167969e+01
1.914511728286743164e+01
2.637085175514221191e+01
1.438005614280700684e+01
1.536038708686828613e+01
1.211167120933532715e+01
1.705763792991638184e+01
2.581683206558227539e+01
6.532716751098632812e+00
1.628164315223693848e+01
2.561591601371765137e+01
3.047454118728637695e+01
2.224267888069152832e+01
4.342431783676147461e+01
1.939490318298339844e+01
2.547473812103271484e+01
1.823784899711608887e+01
1.681061911582946777e+01
1.567807173728942871e+01
2.659336185455322266e+01
1.119245290756225586e+01
9.283716201782226562e+00
3.104766893386840820e+01
1.454986500740051270e+01
2.921534419059753418e+01
1.047541403770446777e+01
1.072000694274902344e+01
2.724240899085998535e+01
2.393322086334228516e+01
1.164990806579589844e+01
2.543384981155395508e+01
2.783983802795410156e+01
3.458019113540649414e+01
2.499574708938598633e+01
2.576434206962585449e+01
8.786957025527954102e+00
3.153852319717407227e+01
3.118375396728515625e+01
2.726470208168029785e+01
8.980215072631835938e+00
1.000052499771118164e+01
1.437696671485900879e+01
2.107091283798217773e+01
2.029326200485229492e+01
2.592326521873474121e+01
1.234459185600280762e+01
1.553570604324340820e+01
1.791583395004272461e+01
2.415018796920776367e+01
1.251703095436096191e+01
1.497019886970520020e+01
1.108827710151672363e+01
2.180787777900695801e+01
2.025368309020996094e+01
1.074369883537292480e+01
1.594630098342895508e+01
2.300377511978149414e+01
1.361311888694763184e+01
1.735284018516540527e+01
3.653921794891357422e+01
2.650427103042602539e+01
1.077402186393737793e+01
3.963244795799255371e+01
2.119071674346923828e+01
1.726004719734191895e+01
2.664239406585693359e+01
1.372549986839294434e+01
2.330085825920104980e+01
1.393862128257751465e+01
2.479340004920959473e+01
2.359057688713073730e+01
1.630897402763366699e+01
1.774981403350830078e+01
1.845605301856994629e+01
1.186260676383972168e+01
1.417052268981933594e+01
9.074310064315795898e+00
8.958801269531250000e+00
1.090910100936889648e+01
2.176783466339111328e+01
3.042986607551574707e+01
1.139832973480224609e+01
2.374309897422790527e+01
3.140526890754699707e+01
1.191574931144714355e+01
1.664000511169433594e+01
2.699454784393310547e+01
1.748515081405639648e+01
1.119947004318237305e+01
2.944440889358520508e+01
2.040157389640808105e+01
2.554521489143371582e+01
1.967442679405212402e+01
9.620149135589599609e+00
1.837824892997741699e+01
3.466659712791442871e+01
2.536096310615539551e+01
3.289041209220886230e+01
3.049157834053039551e+01
1.695387482643127441e+01
2.117854118347167969e+01
1.861524105072021484e+01
2.516922307014465332e+01
2.097258019447326660e+01
2.862969088554382324e+01
3.073040533065795898e+01
1.975169825553894043e+01
1.809151697158813477e+01
3.317826199531555176e+01
1.443477034568786621e+01
2.127768301963806152e+01
9.581172943115234375e+00
3.162626314163208008e+01
2.878055405616760254e+01
1.826616096496582031e+01
8.689398050308227539e+00
2.854013109207153320e+01
1.183089518547058105e+01
4.845055508613586426e+01
1.170954394340515137e+01
2.644045686721801758e+01
2.714723587036132812e+01
3.837729907035827637e+01
1.996695590019226074e+01
3.567132592201232910e+01
1.216718196868896484e+01
2.814861321449279785e+01
3.390701103210449219e+01
2.318257904052734375e+01
3.665080094337463379e+01
3.538557410240173340e+01
3.514318990707397461e+01
4.973540210723876953e+01
3.199104785919189453e+01
2.703051018714904785e+01
3.276847696304321289e+01
3.363228082656860352e+01
8.025721073150634766e+00
1.025332093238830566e+01
2.091892933845520020e+01
2.952430987358093262e+01
1.166786360740661621e+01
3.907054686546325684e+01
2.928592109680175781e+01
1.113820028305053711e+01
2.207185578346252441e+01
1.172213196754455566e+01
1.317229890823364258e+01
1.415949201583862305e+01
1.948918986320495605e+01
3.166926813125610352e+01
1.291073203086853027e+01
3.017460918426513672e+01
4.105310201644897461e+01
3.441843008995056152e+01
1.987035799026489258e+01
3.158343219757080078e+01
1.391593599319458008e+01
3.738446903228759766e+01
1.868852019309997559e+01
1.757541894912719727e+01
2.142531609535217285e+01
1.670015692710876465e+01
1.334239196777343750e+01
3.283534955978393555e+01
5.153722691535949707e+01
1.743875217437744141e+01
1.948998332023620605e+01
2.027549505233764648e+01
1.578702211380004883e+01
1.844216179847717285e+01
3.651385521888732910e+01
2.605934214591979980e+01
1.971718597412109375e+01
2.845183587074279785e+01
5.091402888298034668e+01
4.437925505638122559e+01
2.171632909774780273e+01
2.265414285659790039e+01
3.423951792716979980e+01
2.550460290908813477e+01
1.797871780395507812e+01
2.337280702590942383e+01
8.997497081756591797e+00
2.507942724227905273e+01
2.702690815925598145e+01
2.594431614875793457e+01
2.306137681007385254e+01
1.028311109542846680e+01
1.101808500289916992e+01
9.589563131332397461e+00
4.196808385848999023e+01
2.733969902992248535e+01
2.420177483558654785e+01
3.669238901138305664e+01
9.036374807357788086e+00
1.924348974227905273e+01
5.112265896797180176e+01
2.266129112243652344e+01
2.170192193984985352e+01
1.780751895904541016e+01
2.378756690025329590e+01
1.584736609458923340e+01
2.334913897514343262e+01
1.169328093528747559e+01
1.457249689102172852e+01
3.548105216026306152e+01
1.953932189941406250e+01
1.509586095809936523e+01
2.132394504547119141e+01
2.561460399627685547e+01
2.069735693931579590e+01
3.187921690940856934e+01
1.881922292709350586e+01
3.199284124374389648e+01
3.838943696022033691e+01
3.283546090126037598e+01
2.063853383064270020e+01
1.578266096115112305e+01
3.207100892066955566e+01
3.120875716209411621e+01
1.645411992073059082e+01
1.733326101303100586e+01
2.211910510063171387e+01
2.042242002487182617e+01
4.582065510749816895e+01
5.007091975212097168e+01
2.471027612686157227e+01
1.527440524101257324e+01
1.700516390800476074e+01
1.597147107124328613e+01
1.805341887474060059e+01
1.082248020172119141e+01
2.608338618278503418e+01
2.565318298339843750e+01
1.915589499473571777e+01
1.552423596382141113e+01
2.932683110237121582e+01
2.717149186134338379e+01
3.006074810028076172e+01
1.392206215858459473e+01
1.351289510726928711e+01
2.022949099540710449e+01
3.173784017562866211e+01
1.441482806205749512e+01
1.670195198059082031e+01
2.272478508949279785e+01
3.009834694862365723e+01
1.953216791152954102e+01
1.739574098587036133e+01
1.509042286872863770e+01
1.518180298805236816e+01
2.739738583564758301e+01
1.434129190444946289e+01
2.677654695510864258e+01
1.977708196640014648e+01
2.167586588859558105e+01
2.009378814697265625e+01
1.341367411613464355e+01
1.969185829162597656e+01
2.175259017944335938e+01
1.067737197875976562e+01
2.350615811347961426e+01
3.488528323173522949e+01
1.535532307624816895e+01
1.758108711242675781e+01
2.345709180831909180e+01
2.164657998085021973e+01
2.366704988479614258e+01
2.190186405181884766e+01
1.822781300544738770e+01
1.889052605628967285e+01
1.830002498626708984e+01
1.737243819236755371e+01
1.268689513206481934e+01
1.007748818397521973e+01
1.753111720085144043e+01
5.579646420478820801e+01
1.016547822952270508e+01
5.805013990402221680e+01
1.854916787147521973e+01
1.159928083419799805e+01
1.653397011756896973e+01
2.479185104370117188e+01
1.786144185066223145e+01
1.614995098114013672e+01
2.191193509101867676e+01
1.324057102203369141e+01
1.636262512207031250e+01
2.915110301971435547e+01
3.029310107231140137e+01
2.131405115127563477e+01
1.690316605567932129e+01
2.044665503501892090e+01
1.758565711975097656e+01
1.645499777793884277e+01
2.914644980430603027e+01
2.893947505950927734e+01
2.869847822189331055e+01
1.986653900146484375e+01
2.140535998344421387e+01
1.554285311698913574e+01
1.035629582405090332e+01
1.126938605308532715e+01
2.051332521438598633e+01
1.488817715644836426e+01
7.843002080917358398e+00
3.126627802848815918e+01
2.361041569709777832e+01
2.895368075370788574e+01
2.340857315063476562e+01
1.302042794227600098e+01
2.660034108161926270e+01
2.181070089340209961e+01
4.926273298263549805e+01
3.443619084358215332e+01
3.189694070816040039e+01
1.345317506790161133e+01
1.926839971542358398e+01
2.504277706146240234e+01
1.259823083877563477e+01
1.369666790962219238e+01
2.419343376159667969e+01
2.684828615188598633e+01
1.438926196098327637e+01
1.374269175529479980e+01
3.311440300941467285e+01
4.289229488372802734e+01
1.137562608718872070e+01
1.343328118324279785e+01
3.626097297668457031e+01
4.375955080986022949e+01
1.305163097381591797e+01
9.228174209594726562e+00
2.671535611152648926e+01
2.705290102958679199e+01
1.266852498054504395e+01
2.292026185989379883e+01
3.210615611076354980e+01
1.374286794662475586e+01
2.907028985023498535e+01
2.901748728752136230e+01
2.352010273933410645e+01
4.288607621192932129e+01
1.129911875724792480e+01
4.030156588554382324e+01
2.764069914817810059e+01
2.384647417068481445e+01
1.914447832107543945e+01
2.107559084892272949e+01
4.593805789947509766e+01
1.706360411643981934e+01
3.333698821067810059e+01
2.363839507102966309e+01
3.047751903533935547e+01
3.608134794235229492e+01
1.945368599891662598e+01
2.427291584014892578e+01
2.645261430740356445e+01
2.296822905540466309e+01
1.100815629959106445e+01
6.472660064697265625e+00
1.830257201194763184e+01
1.417293310165405273e+01
2.374426889419555664e+01
1.448381710052490234e+01
2.471235299110412598e+01
2.685985374450683594e+01
2.566898727416992188e+01
6.604098796844482422e+00
1.231839990615844727e+01
5.397823095321655273e+00
2.314789867401123047e+01
1.154202008247375488e+01
8.855467081069946289e+00
1.226740407943725586e+01
3.403507518768310547e+01
3.325024795532226562e+01
2.001348471641540527e+01
2.328242516517639160e+01
6.429250955581665039e+00
9.491204261779785156e+00
1.541383409500122070e+01
9.262044191360473633e+00
2.295007801055908203e+01
1.707687926292419434e+01
2.483102989196777344e+01
3.262671685218811035e+01
6.114552974700927734e+00
1.187171912193298340e+01
1.540928101539611816e+01
1.232382893562316895e+01
1.976874613761901855e+01
8.168991088867187500e+00
8.523233175277709961e+00
1.953405904769897461e+01
1.459649705886840820e+01
3.071168112754821777e+01
1.381045985221862793e+01
2.640813589096069336e+01
9.847900867462158203e+00
1.358171892166137695e+01
8.832973957061767578e+00
1.457865500450134277e+01
3.547786808013916016e+01
1.695116496086120605e+01
3.099072098731994629e+01
3.191960597038269043e+01
1.019120001792907715e+01
3.390739083290100098e+01
7.474909782409667969e+00
8.399821758270263672e+00
3.746446514129638672e+01
3.592756080627441406e+01
1.448112297058105469e+01
1.098948097229003906e+01
1.551570796966552734e+01
1.724548196792602539e+01
1.448143911361694336e+01
1.497540497779846191e+01
1.812129998207092285e+01
2.907716012001037598e+01
2.674527621269226074e+01
2.671847796440124512e+01
1.371432280540466309e+01
1.257547712326049805e+01
1.378975200653076172e+01
2.833084321022033691e+01
1.861555624008178711e+01
1.514945697784423828e+01
1.499540305137634277e+01
1.632992792129516602e+01
1.762407493591308594e+01
3.891705989837646484e+01
1.453486895561218262e+01
2.742767477035522461e+01
1.616793775558471680e+01
1.423145890235900879e+01
1.969886112213134766e+01
2.688883805274963379e+01
1.542918586730957031e+01
1.418869614601135254e+01
2.828637433052062988e+01
2.272343802452087402e+01
1.771249985694885254e+01
3.201422309875488281e+01
2.527609801292419434e+01
4.966909980773925781e+01
3.236667013168334961e+01
2.856574892997741699e+01
1.753564286231994629e+01
1.870563673973083496e+01
2.158385896682739258e+01
3.750479888916015625e+01
1.666395211219787598e+01
1.909665203094482422e+01
1.192282295227050781e+01
1.028792500495910645e+01
1.055788493156433105e+01
7.918237209320068359e+00
1.017765617370605469e+01
2.489131784439086914e+01
1.934948301315307617e+01
1.561196374893188477e+01
2.049051904678344727e+01
9.530471801757812500e+00
1.954704189300537109e+01
1.229193210601806641e+01
1.200129389762878418e+01
1.102615809440612793e+01
8.494254112243652344e+00
8.928789138793945312e+00
9.216506004333496094e+00
3.478703999519348145e+01
2.068421888351440430e+01
1.642062401771545410e+01
1.295805573463439941e+01
1.619700980186462402e+01
1.032265806198120117e+01
7.927426099777221680e+00
1.238817310333251953e+01
2.073882007598876953e+01
1.078160476684570312e+01
2.390311193466186523e+01
1.330579805374145508e+01
1.080513405799865723e+01
1.174432682991027832e+01
1.141253614425659180e+01
1.634018111228942871e+01
1.233212471008300781e+01
2.508145809173583984e+01
1.214362597465515137e+01
2.435117506980895996e+01
3.844912791252136230e+01
1.820527601242065430e+01
1.186241888999938965e+01
2.368992900848388672e+01
1.441003894805908203e+01
1.672615408897399902e+01
1.273420405387878418e+01
2.676835799217224121e+01
1.426670527458190918e+01
1.188201332092285156e+01
2.790826964378356934e+01
1.386616516113281250e+01
1.566829514503479004e+01
1.193531489372253418e+01
2.284468197822570801e+01
1.314796304702758789e+01
1.298106312751770020e+01
1.848892211914062500e+01
1.436117601394653320e+01
2.310723710060119629e+01
3.196825814247131348e+01
1.618084025382995605e+01
1.636122179031372070e+01
1.684994792938232422e+01
1.939670562744140625e+01
5.385989522933959961e+01
1.860204291343688965e+01
9.019035816192626953e+00
1.732037210464477539e+01
4.999330997467041016e+00
6.499562978744506836e+00
1.822631597518920898e+01
1.067914271354675293e+01
1.729094195365905762e+01
1.451950478553771973e+01
1.104964876174926758e+01
2.219377398490905762e+01
1.816349506378173828e+01
1.077066802978515625e+01
8.447797060012817383e+00
1.251011991500854492e+01
1.803477001190185547e+01
3.368384408950805664e+01
1.475311207771301270e+01
1.757552218437194824e+01
3.444024300575256348e+01
1.326503086090087891e+01
1.106778216361999512e+01
1.340851402282714844e+01
9.381124019622802734e+00
9.726017713546752930e+00
1.863786196708679199e+01
1.775955295562744141e+01
1.789405584335327148e+01
1.639975690841674805e+01
5.708759069442749023e+00
3.781220912933349609e+01
2.074880313873291016e+01
7.160239219665527344e+00
1.921208286285400391e+01
1.939083909988403320e+01
1.843764185905456543e+01
7.605247020721435547e+00
1.662816691398620605e+01
9.399937152862548828e+00
1.843773794174194336e+01
9.215029954910278320e+00
1.525106191635131836e+01
7.517794132232666016e+00
3.674801206588745117e+01
1.457855296134948730e+01
3.204325294494628906e+01
2.346792602539062500e+01
1.006032896041870117e+01
2.556937217712402344e+01
1.157771301269531250e+01
2.349748587608337402e+01
9.655753850936889648e+00
1.811684107780456543e+01
2.101422214508056641e+01
1.202238082885742188e+01
2.923879027366638184e+01
9.328672885894775391e+00
3.523411273956298828e+01
3.851358580589294434e+01
1.679334712028503418e+01
3.535062718391418457e+01
2.100909733772277832e+01
2.152683901786804199e+01
2.325127696990966797e+01
1.800162005424499512e+01
2.465813899040222168e+01
4.839119482040405273e+01
3.927678585052490234e+01
2.029770612716674805e+01
2.319334983825683594e+01
3.892433571815490723e+01
1.859256672859191895e+01
1.608775305747985840e+01
2.817782211303710938e+01
1.985421085357666016e+01
2.063394308090209961e+01
1.410664200782775879e+01
2.384691810607910156e+01
1.290142989158630371e+01
1.620421791076660156e+01
2.253942704200744629e+01
2.850712084770202637e+01
1.665424394607543945e+01
2.670472812652587891e+01
2.791198396682739258e+01
6.727907180786132812e+00
2.803057909011840820e+01
1.968674421310424805e+01
2.664265179634094238e+01
3.760090279579162598e+01
3.222265386581420898e+01
2.461169886589050293e+01
2.586393809318542480e+01
6.935022115707397461e+00
1.443545603752136230e+01
1.021608424186706543e+01
1.593893074989318848e+01
2.638253116607666016e+01
7.639198780059814453e+00
2.713814115524291992e+01
1.097696399688720703e+01
1.359258389472961426e+01
1.441446280479431152e+01
9.371131896972656250e+00
5.096982002258300781e+00
9.249757051467895508e+00
8.378986120223999023e+00
7.377348184585571289e+00
1.411442112922668457e+01
1.876768684387207031e+01
9.876629829406738281e+00
1.204652094841003418e+01
8.071623325347900391e+00
1.239967012405395508e+01
1.835456299781799316e+01
1.870647192001342773e+01
7.456303119659423828e+00
1.100148606300354004e+01
1.560550403594970703e+01
2.952905511856079102e+01
1.766930890083312988e+01
1.676623702049255371e+01
7.413817882537841797e+00
9.194264173507690430e+00
6.979604959487915039e+00
2.312951779365539551e+01
1.011064410209655762e+01
1.914538812637329102e+01
1.457691097259521484e+01
9.862265110015869141e+00
2.857572412490844727e+01
9.883237838745117188e+00
2.792581677436828613e+01
6.429061174392700195e+00
2.545512485504150391e+01
2.068091797828674316e+01
2.336893081665039062e+01
1.634086918830871582e+01
1.460559797286987305e+01
3.349838113784790039e+01
2.086482715606689453e+01
1.009057831764221191e+01
1.851508188247680664e+01
2.317726206779479980e+01
7.602962970733642578e+00
2.102954816818237305e+01
1.285363793373107910e+01
2.436697125434875488e+01
2.240191006660461426e+01
1.371996808052062988e+01
3.184119009971618652e+01
7.246982812881469727e+00
1.217394208908081055e+01
2.008438611030578613e+01
2.710733008384704590e+01
1.847971582412719727e+01
3.106174802780151367e+01
1.178272318840026855e+01
7.816648006439208984e+00
1.101691079139709473e+01
1.312949395179748535e+01
1.984663105010986328e+01
1.045705199241638184e+01
1.235104608535766602e+01
1.252233290672302246e+01
1.233785009384155273e+01
1.222924375534057617e+01
9.809598922729492188e+00
1.810192418098449707e+01
1.260428595542907715e+01
1.322860407829284668e+01
2.088365316390991211e+01
1.411925315856933594e+01
1.411500477790832520e+01
2.938790798187255859e+01
2.451222324371337891e+01
1.442781090736389160e+01
1.187722492218017578e+01
1.374825501441955566e+01
1.585033702850341797e+01
1.460906100273132324e+01
1.497508215904235840e+01
1.732204604148864746e+01
1.699485182762145996e+01
2.020456528663635254e+01
2.353299880027770996e+01
1.600671410560607910e+01
1.680440902709960938e+01
1.649002289772033691e+01
2.805802392959594727e+01
5.669474124908447266e+00
2.834680390357971191e+01
1.128202605247497559e+01
5.834529161453247070e+00
3.505985116958618164e+01
2.848253273963928223e+01
2.113512086868286133e+01
1.954451394081115723e+01
9.140806913375854492e+00
1.474703001976013184e+01
7.457173109054565430e+00
8.801937818527221680e+00
2.086994576454162598e+01
1.340286111831665039e+01
2.596185922622680664e+01
1.245386576652526855e+01
2.317333078384399414e+01
2.659961390495300293e+01
5.347345829010009766e+00
8.022026062011718750e+00
2.217195010185241699e+01
1.070048284530639648e+01
3.683370399475097656e+01
3.114926695823669434e+01
1.343622612953186035e+01
7.178091764450073242e+00
1.344358181953430176e+01
2.048517513275146484e+01
8.406354904174804688e+00
1.622093701362609863e+01
4.072325301170349121e+01
1.298561906814575195e+01
2.898894524574279785e+01
1.017059206962585449e+01
1.202806186676025391e+01
8.445978879928588867e+00
9.491343021392822266e+00
9.406189203262329102e+00
1.273486375808715820e+01
1.339775490760803223e+01
1.590870904922485352e+01
9.397001981735229492e+00
3.652272677421569824e+01
1.208302593231201172e+01
1.378684782981872559e+01
1.227540802955627441e+01
1.386001992225646973e+01
2.561987257003784180e+01
2.971969509124755859e+01
2.952907705307006836e+01
8.459183216094970703e+00
9.349379062652587891e+00
1.011388587951660156e+01
1.259019398689270020e+01
1.156052875518798828e+01
1.176312112808227539e+01
1.302000117301940918e+01
1.543235492706298828e+01
9.667752981185913086e+00
3.187692999839782715e+01
1.720298719406127930e+01
1.708513474464416504e+01
1.297048091888427734e+01
1.410733318328857422e+01
2.221519374847412109e+01
3.398148918151855469e+01
1.559306216239929199e+01
2.609874701499938965e+01
2.205024313926696777e+01
2.447307014465332031e+01
2.629686594009399414e+01
2.420467400550842285e+01
1.670241975784301758e+01
1.563125491142272949e+01
1.563935780525207520e+01
3.764355206489562988e+01
2.471587800979614258e+01
1.707087779045104980e+01
1.172254896163940430e+01
1.581651997566223145e+01
2.628871202468872070e+01
2.413120508193969727e+01
1.620712590217590332e+01
1.324511694908142090e+01
2.073812198638916016e+01
1.586841225624084473e+01
1.847674083709716797e+01
3.429006195068359375e+01
1.395034503936767578e+01
1.647503185272216797e+01
1.798988175392150879e+01
1.568387269973754883e+01
1.531071519851684570e+01
1.558429288864135742e+01
4.394415712356567383e+01
1.819468784332275391e+01
1.347465705871582031e+01
1.692285323143005371e+01
4.579144597053527832e+01
1.717375111579895020e+01
3.611292886734008789e+01
3.612427210807800293e+01
5.008261895179748535e+01
1.981453108787536621e+01
4.965075922012329102e+01
3.517364406585693359e+01
1.882683086395263672e+01
1.878424906730651855e+01
9.133668899536132812e+00
1.890808987617492676e+01
2.937909007072448730e+01
2.041403603553771973e+01
8.467211961746215820e+00
2.472784376144409180e+01
9.979171991348266602e+00
9.583310127258300781e+00
2.539675593376159668e+01
8.936177968978881836e+00
2.908099007606506348e+01
3.913764286041259766e+01
1.359124207496643066e+01
8.561165094375610352e+00
1.250961732864379883e+01
3.486029195785522461e+01
3.528762125968933105e+01
9.396368265151977539e+00
9.479941844940185547e+00
1.769049191474914551e+01
2.078854489326477051e+01
1.167194986343383789e+01
9.876091003417968750e+00
1.123280811309814453e+01
3.072587895393371582e+01
2.840673494338989258e+01
1.676667594909667969e+01
1.605906009674072266e+01
9.075854063034057617e+00
1.805418419837951660e+01
1.207959222793579102e+01
3.707679057121276855e+01
3.328117585182189941e+01
2.578264808654785156e+01
1.319047594070434570e+01
1.800581002235412598e+01
2.288616394996643066e+01
1.159386491775512695e+01
1.194958710670471191e+01
1.242773199081420898e+01
2.052190279960632324e+01
2.517963600158691406e+01
1.503200697898864746e+01
1.137093925476074219e+01
2.824258923530578613e+01
1.160312080383300781e+01
1.231605195999145508e+01
1.206170701980590820e+01
1.507809686660766602e+01
1.235199522972106934e+01
1.296522092819213867e+01
1.601457405090332031e+01
1.107738804817199707e+01
2.226773786544799805e+01
1.566990280151367188e+01
2.775035119056701660e+01
1.501453399658203125e+01
1.338733005523681641e+01
3.121992611885070801e+01
3.646989917755126953e+01
2.361504101753234863e+01
1.559389400482177734e+01
1.764299726486206055e+01
1.586436009407043457e+01
1.301250314712524414e+01
2.446735787391662598e+01
1.822657322883605957e+01
2.539705991744995117e+01
1.722029018402099609e+01
6.002531766891479492e+00
2.278458309173583984e+01
1.564215588569641113e+01
3.181075286865234375e+01
1.794909119606018066e+01
2.650215578079223633e+01
3.432578468322753906e+01
2.329900431632995605e+01
2.380307888984680176e+01
1.599494600296020508e+01
1.632622003555297852e+01
5.788853883743286133e+00
5.811600208282470703e+00
2.601242089271545410e+01
3.239066195487976074e+01
2.888302230834960938e+01
1.585952210426330566e+01
4.235125875473022461e+01
4.286634206771850586e+00
2.443704390525817871e+01
4.961888074874877930e+00
5.589787721633911133e+00
3.059355902671813965e+01
9.792368888854980469e+00
4.642927193641662598e+01
1.606000900268554688e+01
7.055205106735229492e+00
1.593078303337097168e+01
1.207175302505493164e+01
1.302567720413208008e+01
8.255852937698364258e+00
5.136382961273193359e+01
1.898480486869812012e+01
1.526311397552490234e+01
2.714523196220397949e+01
3.104232716560363770e+01
1.736041092872619629e+01
2.397597885131835938e+01
8.303834915161132812e+00
8.327893972396850586e+00
1.942379593849182129e+01
1.287521386146545410e+01
1.900227212905883789e+01
6.377168178558349609e+00
8.634810686111450195e+00
3.738639187812805176e+01
2.569221401214599609e+01
8.381440162658691406e+00
9.569988012313842773e+00
7.312654018402099609e+00
1.979244995117187500e+01
1.620595288276672363e+01
4.571204710006713867e+01
1.264533495903015137e+01
2.157889080047607422e+01
1.368647599220275879e+01
1.384740114212036133e+01
9.159227848052978516e+00
7.797777891159057617e+00
1.888214707374572754e+01
2.136459112167358398e+01
3.160470700263977051e+01
1.516118717193603516e+01
3.071699190139770508e+01
2.191273307800292969e+01
1.348440790176391602e+01
2.361578798294067383e+01
1.048135805130004883e+01
1.246948099136352539e+01
2.712522912025451660e+01
8.059940099716186523e+00
3.028133893013000488e+01
2.345621824264526367e+01
3.253806591033935547e+01
3.547098922729492188e+01
3.388323402404785156e+01
1.826771998405456543e+01
4.604849576950073242e+01
1.685499501228332520e+01
1.878474187850952148e+01
3.276414108276367188e+01
1.189237809181213379e+01
1.609972190856933594e+01
3.808394193649291992e+01
2.035110712051391602e+01
3.722716307640075684e+01
3.103882122039794922e+01
1.583270001411437988e+01
1.252324771881103516e+01
1.750165081024169922e+01
2.696761274337768555e+01
1.988672018051147461e+01
3.900860810279846191e+01
1.834270787239074707e+01
9.595635890960693359e+00
1.816549992561340332e+01
1.212449789047241211e+01
1.996146106719970703e+01
2.079192519187927246e+01
2.468183898925781250e+01
1.269917583465576172e+01
2.360463690757751465e+01
3.964314293861389160e+01
1.826811814308166504e+01
4.194309496879577637e+01
2.065181088447570801e+01
1.505033493041992188e+01
1.825350189208984375e+01
2.319794797897338867e+01
1.485712385177612305e+01
1.214009189605712891e+01
1.490607094764709473e+01
1.745541524887084961e+01
3.139656305313110352e+01
4.901069784164428711e+01
1.648752903938293457e+01
3.256390786170959473e+01
2.049990200996398926e+01
2.620027685165405273e+01
3.814150714874267578e+01
2.169758009910583496e+01
1.480250597000122070e+01
2.205710196495056152e+01
2.051543569564819336e+01
1.529817819595336914e+01
1.386136198043823242e+01
1.333806109428405762e+01
1.961838316917419434e+01
1.737330603599548340e+01
3.792909693717956543e+01
2.141794610023498535e+01
3.785129785537719727e+01
2.541208720207214355e+01
2.351597690582275391e+01
2.647566103935241699e+01
2.275011301040649414e+01
1.656025099754333496e+01
2.638382506370544434e+01
3.130102300643920898e+01
2.410740303993225098e+01
1.671726107597351074e+01
1.837097597122192383e+01
1.613698601722717285e+01
2.473157787322998047e+01
2.180461907386779785e+01
3.296945095062255859e+01
1.242748594284057617e+01
1.658186101913452148e+01
1.416457414627075195e+01
1.787155079841613770e+01
1.443882226943969727e+01
1.215451383590698242e+01
1.682710194587707520e+01
1.087469291687011719e+01
1.491473579406738281e+01
1.011248183250427246e+01
1.699527597427368164e+01
1.481610178947448730e+01
8.923146009445190430e+00
2.477365303039550781e+01
3.432725524902343750e+01
9.830086231231689453e+00
1.451324582099914551e+01
1.561856198310852051e+01
1.979182696342468262e+01
1.077360796928405762e+01
1.616602802276611328e+01
7.608176231384277344e+00
1.335682916641235352e+01
2.623891091346740723e+01
1.691857361793518066e+01
1.131027889251708984e+01
1.330507087707519531e+01
2.607055997848510742e+01
1.446993684768676758e+01
3.082255101203918457e+01
1.947535300254821777e+01
1.892860507965087891e+01
1.704189491271972656e+01
1.891495609283447266e+01
1.792729210853576660e+01
3.983880496025085449e+01
1.358568787574768066e+01
1.428891801834106445e+01
9.309758186340332031e+00
1.078519392013549805e+01
7.519886970520019531e+00
7.164678812026977539e+00
1.373109984397888184e+01
1.384569215774536133e+01
6.999848365783691406e+00
1.073165106773376465e+01
5.221946692466735840e+01
1.151714897155761719e+01
2.958242297172546387e+01
1.815950202941894531e+01
3.058689308166503906e+01
2.045907592773437500e+01
8.607241153717041016e+00
1.574227595329284668e+01
1.347370910644531250e+01
1.611754608154296875e+01
1.552076101303100586e+01
8.730449914932250977e+00
1.981531596183776855e+01
8.190929889678955078e+00
1.137567520141601562e+01
1.405824899673461914e+01
1.431598782539367676e+01
2.208586335182189941e+01
1.387478780746459961e+01
1.137695002555847168e+01
1.036280488967895508e+01
1.011732196807861328e+01
9.578078985214233398e+00
2.200086402893066406e+01
2.116310071945190430e+01
2.018511009216308594e+01
1.299484896659851074e+01
8.548954010009765625e+00
1.271387505531311035e+01
1.193758988380432129e+01
9.688580036163330078e+00
1.837110686302185059e+01
1.411036896705627441e+01
1.572819924354553223e+01
1.317374920845031738e+01
8.311178922653198242e+00
1.216265702247619629e+01
1.189764094352722168e+01
1.497445797920227051e+01
1.607738709449768066e+01
8.989441156387329102e+00
1.238577103614807129e+01
1.900555586814880371e+01
1.631651592254638672e+01
1.223957610130310059e+01
1.966284394264221191e+01
3.006353688240051270e+01
1.499151897430419922e+01
9.984437942504882812e+00
1.424527883529663086e+01
1.177871894836425781e+01
1.010746717453002930e+01
1.574139189720153809e+01
1.657373905181884766e+01
1.487666416168212891e+01
2.297404098510742188e+01
1.234140396118164062e+01
2.538467788696289062e+01
3.568055105209350586e+01
2.007771611213684082e+01
2.488433098793029785e+01
1.925440526008605957e+01
1.081031298637390137e+01
3.263493299484252930e+01
2.200137376785278320e+01
2.121494889259338379e+01
9.554693937301635742e+00
2.127870607376098633e+01
8.019119024276733398e+00
1.101731038093566895e+01
1.421083688735961914e+01
1.757070207595825195e+01
1.582335591316223145e+01
8.839282989501953125e+00
1.890755391120910645e+01
1.551531505584716797e+01
1.973866701126098633e+01
2.386129307746887207e+01
1.130508112907409668e+01
2.477202510833740234e+01
1.663831901550292969e+01
3.012102293968200684e+01
1.989523196220397949e+01
1.603050494194030762e+01
8.994138956069946289e+00
1.645365095138549805e+01
1.279453897476196289e+01
1.169582986831665039e+01
1.743221402168273926e+01
1.985088419914245605e+01
1.949472689628601074e+01
1.616272306442260742e+01
5.372988390922546387e+01
1.292067599296569824e+01
2.527269983291625977e+01
1.438207888603210449e+01
2.532328701019287109e+01
1.404350399971008301e+01
2.024448585510253906e+01
1.812875795364379883e+01
2.073107814788818359e+01
2.184242200851440430e+01
1.652874422073364258e+01
2.160809087753295898e+01
1.659027719497680664e+01
1.365580105781555176e+01
2.333873891830444336e+01
2.002147197723388672e+01
1.598722314834594727e+01
3.665431785583496094e+01
3.868323183059692383e+01
2.077093100547790527e+01
2.132913899421691895e+01
3.164683699607849121e+01
1.934531307220458984e+01
2.680679988861083984e+01
1.494556188583374023e+01
3.924339985847473145e+01
2.509169006347656250e+01
3.388166975975036621e+01
2.674598193168640137e+01
5.957939863204956055e+00
2.611734032630920410e+01
1.212196779251098633e+01
1.364464116096496582e+01
1.109134697914123535e+01
2.986660575866699219e+01
1.559864020347595215e+01
1.011949205398559570e+01
1.039915370941162109e+01
7.895978927612304688e+00
3.354716801643371582e+01
1.170580101013183594e+01
1.043132281303405762e+01
1.395949530601501465e+01
1.418545794486999512e+01
7.262206077575683594e+00
9.928379058837890625e+00
1.368841505050659180e+01
1.103768920898437500e+01
1.175244808197021484e+01
2.981886482238769531e+01
1.973984575271606445e+01
1.637574291229248047e+01
2.042844009399414062e+01
1.127152991294860840e+01
9.664770841598510742e+00
3.041082692146301270e+01
8.467488765716552734e+00
1.198386192321777344e+01
4.359806680679321289e+01
3.565539193153381348e+01
1.317223978042602539e+01
1.230247116088867188e+01
1.420402598381042480e+01
2.974639821052551270e+01
1.616631770133972168e+01
1.621679782867431641e+01
1.252259778976440430e+01
9.218803882598876953e+00
1.330487585067749023e+01
1.817674684524536133e+01
2.509428405761718750e+01
1.426725029945373535e+01
1.802627611160278320e+01
1.205707907676696777e+01
1.126162934303283691e+01
1.724210596084594727e+01
1.049918794631958008e+01
1.345212006568908691e+01
3.347280788421630859e+01
1.266286277770996094e+01
1.179327321052551270e+01
1.306388473510742188e+01
1.689558005332946777e+01
1.990978407859802246e+01
1.476794886589050293e+01
1.699709415435791016e+01
1.677377605438232422e+01
1.701008510589599609e+01
2.200727796554565430e+01
1.564648294448852539e+01
1.508358192443847656e+01
1.695548105239868164e+01
1.009625506401062012e+01
2.505273103713989258e+01
1.386960196495056152e+01
8.572500944137573242e+00
1.408845710754394531e+01
2.205977606773376465e+01
1.759962415695190430e+01
1.804719305038452148e+01
1.730630612373352051e+01
1.795557999610900879e+01
2.579802513122558594e+01
1.644522690773010254e+01
9.325899839401245117e+00
1.824453186988830566e+01
2.432246112823486328e+01
1.135737681388854980e+01
9.604330062866210938e+00
1.059552311897277832e+01
2.265757727622985840e+01
1.789317488670349121e+01
2.870989990234375000e+01
2.817106485366821289e+01
1.055538606643676758e+01
1.802532982826232910e+01
1.492007875442504883e+01
1.455363821983337402e+01
1.500367999076843262e+01
1.508319997787475586e+01
5.689936804771423340e+01
1.802463889122009277e+01
1.682568502426147461e+01
2.683435416221618652e+01
2.865195488929748535e+01
3.279858589172363281e+01
3.594595980644226074e+01
1.415584802627563477e+01
3.097695803642272949e+01
1.607651567459106445e+01
3.292819499969482422e+01
2.084751892089843750e+01
2.133568191528320312e+01
1.699060201644897461e+01
1.737187194824218750e+01
2.148400688171386719e+01
1.307031607627868652e+01
2.211932325363159180e+01
2.055571413040161133e+01
1.763153266906738281e+01
2.210023903846740723e+01
2.300685715675354004e+01
1.482519602775573730e+01
2.045070910453796387e+01
2.277642202377319336e+01
2.344810700416564941e+01
3.734098362922668457e+01
3.132326507568359375e+01
2.174246382713317871e+01
7.958105802536010742e+00
2.422539305686950684e+01
4.628965497016906738e+01
1.304417204856872559e+01
1.543983006477355957e+01
1.243799304962158203e+01
3.525367403030395508e+01
1.652847313880920410e+01
2.693640494346618652e+01
1.058492612838745117e+01
1.260861206054687500e+01
2.507429099082946777e+01
1.581304192543029785e+01
2.072369289398193359e+01
2.537805485725402832e+01
1.650527739524841309e+01
2.344282484054565430e+01
3.466517710685729980e+01
9.375710010528564453e+00
8.875559806823730469e+00
1.351012206077575684e+01
7.857987165451049805e+00
2.441488480567932129e+01
3.388027024269104004e+01
2.838482403755187988e+01
3.504942989349365234e+01
1.607789802551269531e+01
2.279899692535400391e+01
1.027526593208312988e+01
1.289790630340576172e+01
1.977746796607971191e+01
1.693835091590881348e+01
1.910060000419616699e+01
3.540787506103515625e+01
8.439514160156250000e+00
2.278261399269104004e+01
2.338175320625305176e+01
1.442882204055786133e+01
1.660935997962951660e+01
1.149636507034301758e+01
1.237915706634521484e+01
2.684762978553771973e+01
9.979364156723022461e+00
9.076911926269531250e+00
1.526396012306213379e+01
1.740586209297180176e+01
1.457467222213745117e+01
2.752297806739807129e+01
1.141262602806091309e+01
2.025297784805297852e+01
1.278635025024414062e+01
4.062092280387878418e+01
1.072826600074768066e+01
2.091223597526550293e+01
1.113523578643798828e+01
9.747068881988525391e+00
2.417161965370178223e+01
1.155662107467651367e+01
2.765875196456909180e+01
1.429776597023010254e+01
5.347558593750000000e+01
3.426418614387512207e+01
2.165610885620117188e+01
2.031743502616882324e+01
2.172806501388549805e+01
2.419937205314636230e+01
2.481044697761535645e+01
2.617048120498657227e+01
1.145660281181335449e+01
1.085497593879699707e+01
1.415745115280151367e+01
3.050164818763732910e+01
1.611871290206909180e+01
3.720820093154907227e+01
3.590330433845520020e+01
2.825900578498840332e+01
2.684969377517700195e+01
9.812136888504028320e+00
2.352162098884582520e+01
1.433068895339965820e+01
3.449622893333435059e+01
1.432074093818664551e+01
1.472016310691833496e+01
1.620581793785095215e+01
3.036388826370239258e+01
2.222034692764282227e+01
3.016107797622680664e+01
4.126823711395263672e+01
1.753244209289550781e+01
2.258447504043579102e+01
1.268995022773742676e+01
1.847501611709594727e+01
1.408241391181945801e+01
1.706772494316101074e+01
2.858438682556152344e+01
2.346803998947143555e+01
2.452713704109191895e+01
3.870987105369567871e+01
1.642466998100280762e+01
1.993553519248962402e+01
1.426650214195251465e+01
1.575782418251037598e+01
2.962261176109313965e+01
2.326961994171142578e+01
2.893793511390686035e+01
3.526942086219787598e+01
2.494504904747009277e+01
3.585640811920166016e+01
1.713534784317016602e+01
8.267056703567504883e+00
1.676257419586181641e+01
3.075613594055175781e+01
1.003838014602661133e+01
2.667415404319763184e+01
1.012543106079101562e+01
1.141198396682739258e+01
9.763046026229858398e+00
1.942286896705627441e+01
4.675063490867614746e+01
8.720164775848388672e+00
3.296541690826416016e+01
6.354722023010253906e+00
8.955897092819213867e+00
2.119798994064331055e+01
1.379796409606933594e+01
1.062712669372558594e+01
7.630044937133789062e+00
1.980366706848144531e+01
1.907148170471191406e+01
1.080472779273986816e+01
9.412137269973754883e+00
1.989710211753845215e+01
1.153424811363220215e+01
9.167849063873291016e+00
1.337635111808776855e+01
1.085685300827026367e+01
2.169686198234558105e+01
1.053633999824523926e+01
3.102420592308044434e+01
1.125766921043395996e+01
3.186533308029174805e+01
1.752191996574401855e+01
1.281786489486694336e+01
3.482036590576171875e+01
1.392769908905029297e+01
1.240751671791076660e+01
2.531704902648925781e+01
1.064873695373535156e+01
1.139824008941650391e+01
1.105388712882995605e+01
2.160715866088867188e+01
3.494804000854492188e+01
2.767897391319274902e+01
9.706457853317260742e+00
1.267788577079772949e+01
1.084437823295593262e+01
1.380057311058044434e+01
1.489130020141601562e+01
8.351570844650268555e+00
1.066607689857482910e+01
3.635396575927734375e+01
2.242096376419067383e+01
1.649851989746093750e+01
3.320245814323425293e+01
1.720014190673828125e+01
2.372870707511901855e+01
3.050259304046630859e+01
1.566434097290039062e+01
3.002884006500244141e+01
1.173602390289306641e+01
2.540784215927124023e+01
1.901316308975219727e+01
1.920074796676635742e+01
1.581522488594055176e+01
9.615609884262084961e+00
2.245383810997009277e+01
1.912037801742553711e+01
9.132598161697387695e+00
1.106744003295898438e+01
1.123146176338195801e+01
1.012802195549011230e+01
4.276286602020263672e+01
2.064988589286804199e+01
5.397857880592346191e+01
2.344484972953796387e+01
2.239109802246093750e+01
1.956209421157836914e+01
3.073845696449279785e+01
2.106966400146484375e+01
1.134238696098327637e+01
1.068855118751525879e+01
2.261281204223632812e+01
1.100753712654113770e+01
1.275072979927062988e+01
1.338204216957092285e+01
1.431736207008361816e+01
2.326216793060302734e+01
3.219946503639221191e+01
2.336931300163269043e+01
2.357173204421997070e+01
2.548370981216430664e+01
1.766482806205749512e+01
1.318806600570678711e+01
3.399282789230346680e+01
1.761298775672912598e+01
1.660419416427612305e+01
8.777187108993530273e+00
2.401529908180236816e+01
1.448304891586303711e+01
1.694060277938842773e+01
8.752323865890502930e+00
2.572181391716003418e+01
2.470517230033874512e+01
1.385681200027465820e+01
5.287243700027465820e+01
2.733471798896789551e+01
1.923119711875915527e+01
2.489374613761901855e+01
1.308819127082824707e+01
9.175076961517333984e+00
2.651634788513183594e+01
2.536019182205200195e+01
2.563775515556335449e+01
3.703061175346374512e+01
2.465437889099121094e+01
4.013133478164672852e+01
4.161518001556396484e+01
1.657275795936584473e+01
3.288249802589416504e+01
1.507945179939270020e+01
3.337072110176086426e+01
2.647766208648681641e+01
1.077477884292602539e+01
2.099519491195678711e+01
2.090850114822387695e+01
2.432012605667114258e+01
4.645956873893737793e+01
1.858232998847961426e+01
1.726818490028381348e+01
1.697517299652099609e+01
2.708974409103393555e+01
2.371367406845092773e+01
1.494743180274963379e+01
2.126372194290161133e+01
2.902955603599548340e+01
1.219316291809082031e+01
1.646472716331481934e+01
2.326729393005371094e+01
3.641906785964965820e+01
2.628339290618896484e+01
2.905358123779296875e+01
3.608306694030761719e+01
2.341458821296691895e+01
2.437882971763610840e+01
1.565722298622131348e+01
2.301555895805358887e+01
1.507169318199157715e+01
2.716999292373657227e+01
1.655993700027465820e+01
3.886481785774230957e+01
1.734016895294189453e+01
9.771612882614135742e+00
2.500366902351379395e+01
2.759206080436706543e+01
1.332897281646728516e+01
1.743708586692810059e+01
2.834225916862487793e+01
1.898367214202880859e+01
1.935829997062683105e+01
1.990803313255310059e+01
1.424182510375976562e+01
1.288169598579406738e+01
9.981680154800415039e+00
1.686145925521850586e+01
1.774089884757995605e+01
2.616955280303955078e+01
5.875282001495361328e+01
1.944973802566528320e+01
2.094248390197753906e+01
1.110440301895141602e+01
2.749673485755920410e+01
2.149449992179870605e+01
2.115349698066711426e+01
1.572490286827087402e+01
2.370663619041442871e+01
3.717788386344909668e+01
3.278559422492980957e+01
2.076690626144409180e+01
2.947515392303466797e+01
4.765276527404785156e+01
3.471186995506286621e+01
2.122423386573791504e+01
3.102959394454956055e+01
3.232991099357604980e+01
2.064662599563598633e+01
2.339807510375976562e+01
3.321273183822631836e+01
3.259622883796691895e+01
2.303455090522766113e+01
1.891972112655639648e+01
3.336204218864440918e+01
4.332196307182312012e+01
2.359275221824645996e+01
2.383400511741638184e+01
2.819692492485046387e+01
4.384637904167175293e+01
4.225886893272399902e+01
2.246799921989440918e+01
3.318007779121398926e+01
3.136772680282592773e+01
3.350284814834594727e+01
3.587783598899841309e+01
3.421278476715087891e+01
3.421385979652404785e+01
3.306625294685363770e+01
2.634099221229553223e+01
3.565400600433349609e+01
6.376652789115905762e+01
2.605136275291442871e+01
2.187256598472595215e+01
3.559918308258056641e+01
3.469232296943664551e+01
2.468451309204101562e+01
1.955288982391357422e+01
9.980490922927856445e+00
5.389016294479370117e+01
1.517065119743347168e+01
1.026275515556335449e+01
1.744918107986450195e+01
3.657305002212524414e+01
1.691600298881530762e+01
1.058750391006469727e+01
3.014210772514343262e+01
3.756712865829467773e+01
1.748559379577636719e+01
1.857461214065551758e+01
8.498883008956909180e+00
8.893531084060668945e+00
1.667631101608276367e+01
1.306177830696105957e+01
1.707673883438110352e+01
1.601985812187194824e+01
1.736775612831115723e+01
3.506423234939575195e+01
2.030529117584228516e+01
4.130059766769409180e+01
2.715001082420349121e+01
1.788907408714294434e+01
3.846725893020629883e+01
1.964706993103027344e+01
1.817028689384460449e+01
3.984897685050964355e+01
1.899834322929382324e+01
1.472940707206726074e+01
1.686705565452575684e+01
1.740178418159484863e+01
1.065904116630554199e+01
2.043535494804382324e+01
1.304268813133239746e+01
1.855073738098144531e+01
1.458594679832458496e+01
1.915598201751708984e+01
1.804466581344604492e+01
1.515564703941345215e+01
1.077048587799072266e+01
1.249687576293945312e+01
1.205577898025512695e+01
3.963420987129211426e+01
8.783490896224975586e+00
1.638753890991210938e+01
1.700609612464904785e+01
4.187092494964599609e+01
1.741268205642700195e+01
1.781730604171752930e+01
1.600836110115051270e+01
1.505018305778503418e+01
1.911941885948181152e+01
3.198343777656555176e+01
1.671334195137023926e+01
1.331801605224609375e+01
1.536865377426147461e+01
1.432724809646606445e+01
2.947908091545104980e+01
3.792817497253417969e+01
1.955699992179870605e+01
1.959803271293640137e+01
1.788782405853271484e+01
1.442813515663146973e+01
1.966630697250366211e+01
1.805100297927856445e+01
1.642687630653381348e+01
1.085089492797851562e+01
2.535203719139099121e+01
1.900043773651123047e+01
1.588406586647033691e+01
1.610782408714294434e+01
1.522538018226623535e+01
1.861745619773864746e+01
1.239013195037841797e+01
3.142961406707763672e+01
1.487210893630981445e+01
1.191342973709106445e+01
3.348688101768493652e+01
2.201000189781188965e+01
2.910029315948486328e+01
4.237586903572082520e+01
2.281909298896789551e+01
1.979556512832641602e+01
2.047999525070190430e+01
1.746767306327819824e+01
2.071499419212341309e+01
1.135097694396972656e+01
1.018747210502624512e+01
1.877547788619995117e+01
1.754490804672241211e+01
4.599961185455322266e+01
1.759926295280456543e+01
1.733905696868896484e+01
1.256795334815979004e+01
1.935003900527954102e+01
1.777787613868713379e+01
1.824275088310241699e+01
1.462010002136230469e+01
1.895368289947509766e+01
1.975330400466918945e+01
1.777635502815246582e+01
2.218308997154235840e+01
2.401669311523437500e+01
1.564843487739562988e+01
3.335719490051269531e+01
1.759092020988464355e+01
1.441540908813476562e+01
2.516586017608642578e+01
2.082297015190124512e+01
2.024874615669250488e+01
2.184484601020812988e+01
1.975198292732238770e+01
1.768945789337158203e+01
1.863222193717956543e+01
5.448946022987365723e+01
1.862488698959350586e+01
3.561468195915222168e+01
2.088787007331848145e+01
1.651909708976745605e+01
1.862793397903442383e+01
2.032484412193298340e+01
3.540342593193054199e+01
2.043705010414123535e+01
1.546071290969848633e+01
1.909434294700622559e+01
1.747958087921142578e+01
1.734532618522644043e+01
2.212317991256713867e+01
1.513749623298645020e+01
1.653616595268249512e+01
2.193363213539123535e+01
5.259693598747253418e+01
2.361051082611083984e+01
2.161316490173339844e+01
3.616257691383361816e+01
1.513136363029479980e+01
2.599023294448852539e+01
2.485227203369140625e+01
2.317310118675231934e+01
2.109141087532043457e+01
2.045681262016296387e+01
2.277607297897338867e+01
2.263292622566223145e+01
2.056877803802490234e+01
3.353947710990905762e+01
7.887253046035766602e+00
5.671771502494812012e+01
3.991729187965393066e+01
2.287793183326721191e+01
1.782678508758544922e+01
2.337188982963562012e+01
2.482348322868347168e+01
7.783188104629516602e+00
6.107700109481811523e+00
2.324557590484619141e+01
1.533574175834655762e+01
1.989958310127258301e+01
1.409393215179443359e+01
2.319528317451477051e+01
8.804785728454589844e+00
9.128159999847412109e+00
1.822573781013488770e+01
2.305074501037597656e+01
2.709642910957336426e+01
2.573798084259033203e+01
9.135517835617065430e+00
1.702919602394104004e+01
1.171390175819396973e+01
2.875163507461547852e+01
3.861537408828735352e+01
2.306533598899841309e+01
6.206783056259155273e+00
2.091698884963989258e+01
8.649935245513916016e+00
9.466910839080810547e+00
9.311492204666137695e+00
5.493607282638549805e+01
3.890169930458068848e+01
7.781461000442504883e+00
2.305748224258422852e+01
2.691992592811584473e+01
3.985843610763549805e+01
8.904563903808593750e+00
2.060413908958435059e+01
1.764097213745117188e+01
1.025647807121276855e+01
2.368939805030822754e+01
3.859303689002990723e+01
9.078121900558471680e+00
1.048479104042053223e+01
1.035600209236145020e+01
4.708177495002746582e+01
2.802840995788574219e+01
2.998999691009521484e+01
2.937369894981384277e+01
1.411405801773071289e+01
9.436083078384399414e+00
9.199174165725708008e+00
2.632901382446289062e+01
8.049787044525146484e+00
7.169461965560913086e+00
1.985674595832824707e+01
1.970354604721069336e+01
1.731392788887023926e+01
3.090109109878540039e+01
1.832500195503234863e+01
2.604323983192443848e+01
1.050834393501281738e+01
1.199993181228637695e+01
2.078943490982055664e+01
7.369735002517700195e+00
2.588455486297607422e+01
1.994896697998046875e+01
2.326008391380310059e+01
2.017774701118469238e+01
2.927893280982971191e+01
1.794711089134216309e+01
1.018564009666442871e+01
1.019231629371643066e+01
9.304914951324462891e+00
1.095302987098693848e+01
9.545181989669799805e+00
2.798340010643005371e+01
2.632891201972961426e+01
8.993598222732543945e+00
1.102800798416137695e+01
8.489153146743774414e+00
1.402111601829528809e+01
2.446003270149230957e+01
3.161106681823730469e+01
3.075437808036804199e+01
2.101136088371276855e+01
3.257649683952331543e+01
1.348555588722229004e+01
2.804456400871276855e+01
8.263773918151855469e+00
1.197555875778198242e+01
9.876438856124877930e+00
2.155698990821838379e+01
1.221711993217468262e+01
1.192601490020751953e+01
1.373375678062438965e+01
1.310535383224487305e+01
1.623991799354553223e+01
1.463253998756408691e+01
2.299352693557739258e+01
1.035873103141784668e+01
1.136394405364990234e+01
2.313005995750427246e+01
1.164813494682312012e+01
1.141579604148864746e+01
1.915600204467773438e+01
1.308636498451232910e+01
2.521136307716369629e+01
9.779476881027221680e+00
3.005390691757202148e+01
2.645642709732055664e+01
2.588357996940612793e+01
1.637511110305786133e+01
2.118943119049072266e+01
1.556345582008361816e+01
1.961716794967651367e+01
1.885622191429138184e+01
2.890603327751159668e+01
1.654628300666809082e+01
1.753492784500122070e+01
2.388294911384582520e+01
2.444290828704833984e+01
1.606708931922912598e+01
4.787140893936157227e+01
1.561367392539978027e+01
3.716681385040283203e+01
3.584022402763366699e+01
2.419769001007080078e+01
5.314013957977294922e+00
6.552489995956420898e+00
1.263761401176452637e+01
2.423374819755554199e+01
1.362041282653808594e+01
2.805425786972045898e+01
8.771418094635009766e+00
7.151768207550048828e+00
1.084935593605041504e+01
1.256153702735900879e+01
6.825811862945556641e+00
1.553356814384460449e+01
8.705202102661132812e+00
9.554405927658081055e+00
1.072077274322509766e+01
1.446174407005310059e+01
3.778526210784912109e+01
3.271665620803833008e+01
8.791479110717773438e+00
3.486487102508544922e+01
1.622534394264221191e+01
1.911349606513977051e+01
7.669584989547729492e+00
1.034342312812805176e+01
1.046084499359130859e+01
8.962754964828491211e+00
1.022393774986267090e+01
2.165873503684997559e+01
8.670815944671630859e+00
8.318565845489501953e+00
2.126225090026855469e+01
1.271998000144958496e+01
1.264104700088500977e+01
1.387805223464965820e+01
7.480343103408813477e+00
1.099450111389160156e+01
1.712978363037109375e+01
1.190537500381469727e+01
1.106211304664611816e+01
2.536446404457092285e+01
8.938156127929687500e+00
1.103235673904418945e+01
1.849761104583740234e+01
1.240276718139648438e+01
1.463080906867980957e+01
2.150785899162292480e+01
1.110051012039184570e+01
9.326745033264160156e+00
1.953288602828979492e+01
1.320474791526794434e+01
1.157706904411315918e+01
1.446185684204101562e+01
1.299322509765625000e+01
1.118259406089782715e+01
1.234025073051452637e+01
1.387786293029785156e+01
1.091105985641479492e+01
1.244991493225097656e+01
1.027818608283996582e+01
1.800911378860473633e+01
1.111745715141296387e+01
2.981358504295349121e+01
1.535279989242553711e+01
1.479421687126159668e+01
1.345346307754516602e+01
2.472043871879577637e+01
1.205047297477722168e+01
1.091102004051208496e+01
2.015913701057434082e+01
1.430744695663452148e+01
1.983718490600585938e+01
1.822295403480529785e+01
3.114700794219970703e+01
4.892836093902587891e+01
1.678268909454345703e+01
1.085031819343566895e+01
1.400775289535522461e+01
1.955523204803466797e+01
1.432069921493530273e+01
1.131450223922729492e+01
1.061182212829589844e+01
2.388587117195129395e+01
2.045439100265502930e+01
3.326701807975769043e+01
1.697164797782897949e+01
1.366999793052673340e+01
1.400034713745117188e+01
2.604329299926757812e+01
1.161715292930603027e+01
1.599334311485290527e+01
1.228860807418823242e+01
1.296238303184509277e+01
1.684633803367614746e+01
3.029866313934326172e+01
1.585916495323181152e+01
1.738612198829650879e+01
2.442022705078125000e+01
4.363177585601806641e+01
2.536918282508850098e+01
1.390733695030212402e+01
2.142626190185546875e+01
1.946378397941589355e+01
4.354540085792541504e+01
1.357289433479309082e+01
1.740138626098632812e+01
1.638077425956726074e+01
1.714970302581787109e+01
1.200809907913208008e+01
3.446443510055541992e+01
1.679380369186401367e+01
2.361015582084655762e+01
1.379656100273132324e+01
2.677521300315856934e+01
4.256606292724609375e+01
1.827442312240600586e+01
2.741678595542907715e+01
2.027447819709777832e+01
2.779990196228027344e+01
2.354810595512390137e+01
1.554987692832946777e+01
2.813356423377990723e+01
3.894705796241760254e+01
2.698144888877868652e+01
3.541281509399414062e+01
9.903084039688110352e+00
3.534540200233459473e+01
2.534990787506103516e+01
2.037040615081787109e+01
2.620455002784729004e+01
1.034549379348754883e+01
2.129122781753540039e+01
9.440052986145019531e+00
1.221717119216918945e+01
3.917497611045837402e+01
1.009963703155517578e+01
8.747436046600341797e+00
9.668647050857543945e+00
1.019019269943237305e+01
9.117853164672851562e+00
2.289510798454284668e+01
2.750726389884948730e+01
8.324202060699462891e+00
3.021230387687683105e+01
3.237105631828308105e+01
3.013618612289428711e+01
2.765311622619628906e+01
8.079599142074584961e+00
3.013447594642639160e+01
9.899661064147949219e+00
2.688490295410156250e+01
2.762368893623352051e+01
1.796714806556701660e+01
7.497879981994628906e+00
1.508389711380004883e+01
6.837805032730102539e+00
7.521899938583374023e+00
2.803397989273071289e+01
3.099761915206909180e+01
2.634710216522216797e+01
2.857254719734191895e+01
1.593975782394409180e+01
1.134430909156799316e+01
1.013962101936340332e+01
1.216311216354370117e+01
7.807982683181762695e+00
1.391732501983642578e+01
9.971545219421386719e+00
3.676509714126586914e+01
2.204353404045104980e+01
1.102917098999023438e+01
9.553087949752807617e+00
1.118018889427185059e+01
9.450768709182739258e+00
3.043001604080200195e+01
2.592370700836181641e+01
2.107565307617187500e+01
1.891626501083374023e+01
1.420173001289367676e+01
2.144216084480285645e+01
9.307805299758911133e+00
4.126365113258361816e+01
2.493729209899902344e+01
1.243562579154968262e+01
1.049653911590576172e+01
1.066650700569152832e+01
2.483240604400634766e+01
2.267649602890014648e+01
1.468358397483825684e+01
1.378239011764526367e+01
2.693750095367431641e+01
2.975722479820251465e+01
1.593143606185913086e+01
3.960883569717407227e+01
1.055527400970458984e+01
5.315983891487121582e+01
1.302111411094665527e+01
3.292074680328369141e+01
3.037921524047851562e+01
2.631734704971313477e+01
4.021282291412353516e+01
3.053271889686584473e+01
3.153109931945800781e+01
1.105339908599853516e+01
3.240503811836242676e+01
1.251458978652954102e+01
1.287204670906066895e+01
2.789930105209350586e+01
1.688499402999877930e+01
3.190299272537231445e+01
2.363081860542297363e+01
3.225954723358154297e+01
2.510829377174377441e+01
1.450931096076965332e+01
1.838080596923828125e+01
1.452044296264648438e+01
1.495466494560241699e+01
2.563587594032287598e+01
3.305046701431274414e+01
1.389918279647827148e+01
1.340751624107360840e+01
1.877349305152893066e+01
1.601297688484191895e+01
2.891919684410095215e+01
3.214019823074340820e+01
3.513263893127441406e+01
3.854739308357238770e+01
1.818092298507690430e+01
3.752000927925109863e+01
3.887613320350646973e+01
1.821696496009826660e+01
3.120263290405273438e+01
3.781343412399291992e+01
3.086994194984436035e+01
1.069403290748596191e+01
3.582998991012573242e+01
3.348895406723022461e+01
2.085583615303039551e+01
1.420474910736083984e+01
3.092040181159973145e+01
1.216008806228637695e+01
3.512088394165039062e+01
1.928347396850585938e+01
1.848736190795898438e+01
1.006328797340393066e+01
2.699462914466857910e+01
2.296274900436401367e+01
2.753053092956542969e+01
3.749141120910644531e+01
1.206114888191223145e+01
2.014586901664733887e+01
1.170086693763732910e+01
1.017318320274353027e+01
4.128468704223632812e+01
1.233343505859375000e+01
3.991978383064270020e+01
2.733672785758972168e+01
1.804688096046447754e+01
2.148374915122985840e+01
1.890559411048889160e+01
1.816394710540771484e+01
3.186733007431030273e+01
1.826453113555908203e+01
1.108174014091491699e+01
2.093547582626342773e+01
1.764775800704956055e+01
1.108318901062011719e+01
1.361327195167541504e+01
1.558213686943054199e+01
3.432909202575683594e+01
1.281260490417480469e+01
1.285492682456970215e+01
2.366308522224426270e+01
1.271441912651062012e+01
4.219549012184143066e+01
2.133579897880554199e+01
4.253707814216613770e+01
1.395467019081115723e+01
1.237157082557678223e+01
1.231510829925537109e+01
1.576999902725219727e+01
1.159886598587036133e+01
1.241718983650207520e+01
3.653575110435485840e+01
1.142830586433410645e+01
1.170292711257934570e+01
2.645748209953308105e+01
4.074292922019958496e+01
4.324947619438171387e+01
1.190770316123962402e+01
2.332932496070861816e+01
1.305910706520080566e+01
2.779899597167968750e+01
1.936355710029602051e+01
2.316649985313415527e+01
1.322595405578613281e+01
1.654745173454284668e+01
1.085102581977844238e+01
2.329094815254211426e+01
3.017482089996337891e+01
1.965675187110900879e+01
2.287402796745300293e+01
1.669189500808715820e+01
2.235750484466552734e+01
1.292149496078491211e+01
1.622910690307617188e+01
1.421334409713745117e+01
1.204555869102478027e+01
1.542971897125244141e+01
2.830496406555175781e+01
1.480972814559936523e+01
1.374157595634460449e+01
1.578646707534790039e+01
3.556939315795898438e+01
3.350127220153808594e+01
3.130551290512084961e+01
1.450836992263793945e+01
4.340948772430419922e+01
1.841649627685546875e+01
3.483261108398437500e+01
4.352115583419799805e+01
7.159315919876098633e+01
1.493329715728759766e+01
4.364280295372009277e+01
2.110062384605407715e+01
1.806514406204223633e+01
2.261999511718750000e+01
2.040939116477966309e+01
2.013150477409362793e+01
1.562695622444152832e+01
2.348803901672363281e+01
3.459458279609680176e+01
1.698556113243103027e+01
1.487271404266357422e+01
2.701676797866821289e+01
1.431646180152893066e+01
4.701905107498168945e+01
4.595982980728149414e+01
2.205276322364807129e+01
2.632250809669494629e+01
3.172709465026855469e+01
2.671784090995788574e+01
3.982600307464599609e+01
1.788788700103759766e+01
2.371334505081176758e+01
2.459459090232849121e+01
2.038064980506896973e+01
4.805010104179382324e+01
1.981496381759643555e+01
1.797314095497131348e+01
1.575272202491760254e+01
1.846995282173156738e+01
2.455263781547546387e+01
4.923461508750915527e+01
2.207025098800659180e+01
1.094712209701538086e+01
1.469398975372314453e+01
3.105745697021484375e+01
2.607114791870117188e+01
1.716260504722595215e+01
1.725633597373962402e+01
2.749601292610168457e+01
2.131604933738708496e+01
2.626423406600952148e+01
2.120519280433654785e+01
1.081204819679260254e+01
1.797493624687194824e+01
2.105518889427185059e+01
9.819597721099853516e+00
1.689293122291564941e+01
2.252993369102478027e+01
2.161434316635131836e+01
2.221527814865112305e+01
1.338247823715209961e+01
1.168533301353454590e+01
1.779359197616577148e+01
2.842424798011779785e+01
1.931551313400268555e+01
1.726072502136230469e+01
1.346398997306823730e+01
1.187936472892761230e+01
2.041158032417297363e+01
3.240840411186218262e+01
5.117579603195190430e+01
2.040047693252563477e+01
2.752097392082214355e+01
3.238981795310974121e+01
1.215104007720947266e+01
2.412834310531616211e+01
1.269117593765258789e+01
1.996678495407104492e+01
4.500208091735839844e+01
1.425572991371154785e+01
3.121187186241149902e+01
2.968526291847229004e+01
2.433782696723937988e+01
1.146916580200195312e+01
4.382015299797058105e+01
1.603965783119201660e+01
1.387547922134399414e+01
2.512057805061340332e+01
2.994620013236999512e+01
1.653284406661987305e+01
2.295517683029174805e+01
2.433245491981506348e+01
2.196375131607055664e+01
2.527140617370605469e+01
1.311190199851989746e+01
2.229015016555786133e+01
1.935985708236694336e+01
2.444056224822998047e+01
3.067309165000915527e+01
1.553559708595275879e+01
2.544636607170104980e+01
1.984810304641723633e+01
1.739506006240844727e+01
5.665451860427856445e+01
2.730266094207763672e+01
2.799282813072204590e+01
2.769743371009826660e+01
3.052378988265991211e+01
3.577438116073608398e+01
4.253028416633605957e+01
3.723624897003173828e+01
9.081042289733886719e+00
3.674130296707153320e+01
1.346561908721923828e+01
1.821480989456176758e+01
1.885151290893554688e+01
2.971243405342102051e+01
1.741749501228332520e+01
1.461209702491760254e+01
1.921275901794433594e+01
3.149513483047485352e+01
1.989535117149353027e+01
1.649283504486083984e+01
1.258191204071044922e+01
2.417602300643920898e+01
2.466146707534790039e+01
1.727324414253234863e+01
1.594789314270019531e+01
5.287632608413696289e+01
1.869107198715209961e+01
1.739396405220031738e+01
2.593947196006774902e+01
1.832278800010681152e+01
1.671892476081848145e+01
1.724709296226501465e+01
1.728269076347351074e+01
2.608971691131591797e+01
2.322294688224792480e+01
1.607638382911682129e+01
1.780261301994323730e+01
2.112453699111938477e+01
1.804804587364196777e+01
1.704931402206420898e+01
1.763194227218627930e+01
2.943333005905151367e+01
1.876947617530822754e+01
2.010434889793395996e+01
2.089699578285217285e+01
1.817508792877197266e+01
2.724120688438415527e+01
1.695941925048828125e+01
1.965603017807006836e+01
1.312410211563110352e+01
2.252637720108032227e+01
4.029318714141845703e+01
1.235791993141174316e+01
1.255919098854064941e+01
1.474001216888427734e+01
1.548198413848876953e+01
2.085139989852905273e+01
2.938104820251464844e+01
1.574414420127868652e+01
1.376011419296264648e+01
2.264502811431884766e+01
1.991499900817871094e+01
2.291813993453979492e+01
2.291493296623229980e+01
1.933522415161132812e+01
2.031268191337585449e+01
2.120895600318908691e+01
2.067500805854797363e+01
1.562387013435363770e+01
1.848919200897216797e+01
1.585292792320251465e+01
1.424428796768188477e+01
2.288979601860046387e+01
1.953886604309082031e+01
1.975507807731628418e+01
2.016775298118591309e+01
3.242023706436157227e+01
2.074137091636657715e+01
1.916537809371948242e+01
2.440213394165039062e+01
2.421307206153869629e+01
2.384951496124267578e+01
1.506938481330871582e+01
4.471294903755187988e+01
2.475732612609863281e+01
2.198538899421691895e+01
2.064985704421997070e+01
1.654845023155212402e+01
2.247324800491333008e+01
2.208884668350219727e+01
2.013124895095825195e+01
2.551099920272827148e+01
2.156464886665344238e+01
2.540590119361877441e+01
2.454722905158996582e+01
3.913548612594604492e+01
2.751863718032836914e+01
1.923895716667175293e+01
1.993299579620361328e+01
9.445848941802978516e+00
2.511113095283508301e+01
1.875034689903259277e+01
2.875305700302124023e+01
1.672704911231994629e+01
3.897459602355957031e+01
1.010357475280761719e+01
3.876863884925842285e+01
2.525390195846557617e+01
2.517604088783264160e+01
2.015883183479309082e+01
1.539536309242248535e+01
1.033801412582397461e+01
1.859488892555236816e+01
2.007366299629211426e+01
1.552108693122863770e+01
4.318967294692993164e+01
1.099472117424011230e+01
2.096529912948608398e+01
9.641778945922851562e+00
1.681063699722290039e+01
1.563925504684448242e+01
1.188795804977416992e+01
2.107839798927307129e+01
1.768292307853698730e+01
1.248433685302734375e+01
1.002988910675048828e+01
3.833586096763610840e+01
1.597858810424804688e+01
2.707985281944274902e+01
1.064484310150146484e+01
1.258753991127014160e+01
2.657689118385314941e+01
2.197953200340270996e+01
2.322050786018371582e+01
1.615422224998474121e+01
1.927902483940124512e+01
2.840180301666259766e+01
2.211232089996337891e+01
1.030327486991882324e+01
2.470793199539184570e+01
2.257311105728149414e+01
2.177138614654541016e+01
2.907328104972839355e+01
2.090699720382690430e+01
3.810486912727355957e+01
1.520187592506408691e+01
2.552453899383544922e+01
2.144476819038391113e+01
2.348651385307312012e+01
3.081951093673706055e+01
3.978983807563781738e+01
2.744991993904113770e+01
3.114910316467285156e+01
4.096039009094238281e+01
2.049269294738769531e+01
2.158882212638854980e+01
3.217413616180419922e+01
2.146720576286315918e+01
2.961404800415039062e+01
2.140198397636413574e+01
3.065746927261352539e+01
3.112267112731933594e+01
3.254583001136779785e+01
1.467865395545959473e+01
2.158618998527526855e+01
1.561117386817932129e+01
2.166402101516723633e+01
2.658187198638916016e+01
2.449338293075561523e+01
1.550210595130920410e+01
1.667319202423095703e+01
2.812415909767150879e+01
3.718731093406677246e+01
1.713382124900817871e+01
2.394235801696777344e+01
1.005194616317749023e+01
3.628368806838989258e+01
1.528168797492980957e+01
2.918073129653930664e+01
1.815827107429504395e+01
1.484390282630920410e+01
3.420223021507263184e+01
3.619880914688110352e+01
1.591707921028137207e+01
1.607585716247558594e+01
2.892534327507019043e+01
1.914051318168640137e+01
1.460064220428466797e+01
3.053673601150512695e+01
1.672676301002502441e+01
2.565335392951965332e+01
4.020246982574462891e+01
1.136487793922424316e+01
1.926859688758850098e+01
1.741595077514648438e+01
1.910236096382141113e+01
4.889230799674987793e+01
3.932275891304016113e+01
2.637907195091247559e+01
1.531194901466369629e+01
1.243739104270935059e+01
1.769829297065734863e+01
1.886974215507507324e+01
2.820947933197021484e+01
2.012481498718261719e+01
1.063386487960815430e+01
1.792038822174072266e+01
2.055142211914062500e+01
1.098059511184692383e+01
1.714257717132568359e+01
2.091656804084777832e+01
1.909822511672973633e+01
2.117570710182189941e+01
2.623683500289916992e+01
2.784090089797973633e+01
1.999024796485900879e+01
2.084763121604919434e+01
3.084169316291809082e+01
1.385731482505798340e+01
2.006003379821777344e+01
2.183916687965393066e+01
2.177846384048461914e+01
1.974809384346008301e+01
1.924445104598999023e+01
2.220664882659912109e+01
3.335939908027648926e+01
3.298359298706054688e+01
1.710589075088500977e+01
1.399347496032714844e+01
1.221732592582702637e+01
3.184430694580078125e+01
2.099354577064514160e+01
2.492653894424438477e+01
2.004260587692260742e+01
1.386228084564208984e+01
3.770509815216064453e+01
1.651666212081909180e+01
3.246581983566284180e+01
2.558188176155090332e+01
2.632880401611328125e+01
1.739202022552490234e+01
2.586991786956787109e+01
2.109869599342346191e+01
1.651812195777893066e+01
2.771907401084899902e+01
1.883652710914611816e+01
1.777876400947570801e+01
1.230375313758850098e+01
1.161986780166625977e+01
1.913173723220825195e+01
9.767417907714843750e+00
1.639687395095825195e+01
1.426698303222656250e+01
9.570363998413085938e+00
2.526276493072509766e+01
1.387045979499816895e+01
2.945036435127258301e+01
1.856362915039062500e+01
1.154467105865478516e+01
1.617835593223571777e+01
1.834110021591186523e+01
3.984436297416687012e+01
2.058312702178955078e+01
1.852404713630676270e+01
1.969362926483154297e+01
1.592534399032592773e+01
1.619040393829345703e+01
2.839819478988647461e+01
1.914028024673461914e+01
1.256033205986022949e+01
1.062192606925964355e+01
1.696504330635070801e+01
1.723250293731689453e+01
3.434725308418273926e+01
1.376104426383972168e+01
1.524968194961547852e+01
1.835395216941833496e+01
1.893122696876525879e+01
1.125494933128356934e+01
2.128799676895141602e+01
2.016336584091186523e+01
3.388389325141906738e+01
3.417276906967163086e+01
2.257970118522644043e+01
1.976125502586364746e+01
3.169040298461914062e+01
2.246021509170532227e+01
2.212379288673400879e+01
3.034533119201660156e+01
3.236606097221374512e+01
3.096475815773010254e+01
1.932501196861267090e+01
3.004715681076049805e+01
2.424907183647155762e+01
3.019473409652709961e+01
2.856140804290771484e+01
2.443446898460388184e+01
3.187976217269897461e+01
2.253909301757812500e+01
2.411562585830688477e+01
1.514224410057067871e+01
4.461496019363403320e+01
2.229233694076538086e+01
2.465543103218078613e+01
3.472662925720214844e+01
3.266357302665710449e+01
1.497158312797546387e+01
3.185065388679504395e+01
2.889409089088439941e+01
3.582886409759521484e+01
2.664373469352722168e+01
2.871956300735473633e+01
2.130618309974670410e+01
3.017162823677062988e+01
3.675614690780639648e+01
2.999559283256530762e+01
2.452882981300354004e+01
1.922639775276184082e+01
1.917324805259704590e+01
1.653840684890747070e+01
2.720666813850402832e+01
1.044176268577575684e+01
2.572123599052429199e+01
1.855893993377685547e+01
4.027698302268981934e+01
2.107924866676330566e+01
2.908225202560424805e+01
2.220501518249511719e+01
3.666703510284423828e+01
1.401335597038269043e+01
2.043853306770324707e+01
3.195164799690246582e+01
2.035211610794067383e+01
2.148465394973754883e+01
2.193598103523254395e+01
5.427320241928100586e+00
1.210642600059509277e+01
1.956911993026733398e+01
1.885794162750244141e+01
1.244171476364135742e+01
3.984755206108093262e+01
2.035256886482238770e+01
1.958002591133117676e+01
2.041654825210571289e+01
4.793588471412658691e+01
6.617353916168212891e+00
2.231590127944946289e+01
1.941812109947204590e+01
3.014473414421081543e+01
5.716463088989257812e+00
1.530718994140625000e+01
1.084841704368591309e+01
2.312931299209594727e+01
1.266319203376770020e+01
1.717080593109130859e+01
1.097294902801513672e+01
1.491759395599365234e+01
1.000707101821899414e+01
3.079605793952941895e+01
2.946501708030700684e+01
1.119908380508422852e+01
2.046837186813354492e+01
1.209466195106506348e+01
2.037939882278442383e+01
3.037003278732299805e+01
2.419574403762817383e+01
2.199383497238159180e+01
2.437114477157592773e+01
3.112744617462158203e+01
2.289599585533142090e+01
1.470990633964538574e+01
2.271657514572143555e+01
2.536529397964477539e+01
1.683257126808166504e+01
2.314965224266052246e+01
1.229139304161071777e+01
2.968236899375915527e+01
3.647040915489196777e+01
3.632076287269592285e+01
2.515182900428771973e+01
2.780111503601074219e+01
2.711767196655273438e+01
2.580847215652465820e+01
2.915842485427856445e+01
2.325422096252441406e+01
1.793366193771362305e+01
2.016142511367797852e+01
2.118167877197265625e+01
2.086553978919982910e+01
9.336977958679199219e+00
4.972457885742187500e+00
2.027208113670349121e+01
8.695981979370117188e+00
9.306221008300781250e+00
1.930373287200927734e+01
1.962484478950500488e+01
4.236070203781127930e+01
1.776080513000488281e+01
1.916731595993041992e+01
3.325335907936096191e+01
2.004982876777648926e+01
1.945479488372802734e+01
2.323166203498840332e+01
1.098216176033020020e+01
2.171421408653259277e+01
1.413847088813781738e+01
1.476832199096679688e+01
8.136423110961914062e+00
2.798057889938354492e+01
2.189914965629577637e+01
1.102564358711242676e+01
1.081983900070190430e+01
1.928340697288513184e+01
2.054521012306213379e+01
1.947458004951477051e+01
1.988023185729980469e+01
2.180878186225891113e+01
1.274817490577697754e+01
2.188132596015930176e+01
1.671072101593017578e+01
3.995724177360534668e+01
3.448835706710815430e+01
1.299069309234619141e+01
3.200796389579772949e+01
2.074542593955993652e+01
1.138897824287414551e+01
3.569118690490722656e+01
3.350830793380737305e+01
4.383875203132629395e+01
1.278995108604431152e+01
2.491021895408630371e+01
3.177793407440185547e+01
3.704589223861694336e+01
2.652821922302246094e+01
2.140099501609802246e+01
2.465036201477050781e+01
3.338766002655029297e+01
1.512193727493286133e+01
3.755425310134887695e+01
3.440930104255676270e+01
3.712350296974182129e+01
1.872100996971130371e+01
2.982603693008422852e+01
2.483509707450866699e+01
2.025756001472473145e+01
5.354747319221496582e+01
1.629470300674438477e+01
1.663748717308044434e+01
2.899950313568115234e+01
1.559534883499145508e+01
2.036730885505676270e+01
7.167355775833129883e+00
1.837399291992187500e+01
2.027434897422790527e+01
2.955724382400512695e+01
4.656882500648498535e+01
1.902587509155273438e+01
2.027718210220336914e+01
8.450837850570678711e+00
5.567855834960937500e+00
1.829311895370483398e+01
3.709233617782592773e+01
3.595302772521972656e+01
7.405007839202880859e+00
2.003093934059143066e+01
3.154611992835998535e+01
3.128864121437072754e+01
1.800856399536132812e+01
1.473485589027404785e+01
4.057633900642395020e+01
6.180290198326110840e+01
1.503468394279479980e+01
5.273114609718322754e+01
1.322838187217712402e+01
2.566791391372680664e+01
3.523859214782714844e+01
2.713887405395507812e+01
1.813560986518859863e+01
2.462255382537841797e+01
3.411388397216796875e+01
1.407385897636413574e+01
4.541160988807678223e+01
2.121187305450439453e+01
2.397662997245788574e+01
2.554834198951721191e+01
2.712039804458618164e+01
2.637563085556030273e+01
4.585881185531616211e+01
2.169669723510742188e+01
3.472937583923339844e+01
1.720539593696594238e+01
3.240518617630004883e+01
1.393909811973571777e+01
2.819809508323669434e+01
1.510527515411376953e+01
2.935534691810607910e+01
1.963606595993041992e+01
2.925565981864929199e+01
2.817482280731201172e+01
4.170562386512756348e+01
3.641558384895324707e+01
3.755440187454223633e+01
1.060278892517089844e+01
1.557092523574829102e+01
3.336787581443786621e+01
1.868315410614013672e+01
1.233207821846008301e+01
1.905577492713928223e+01
1.962402296066284180e+01
1.777887892723083496e+01
1.934478473663330078e+01
2.824902701377868652e+01
8.002393960952758789e+00
1.546655797958374023e+01
3.136077380180358887e+01
3.199811196327209473e+01
3.366585183143615723e+01
1.960723710060119629e+01
1.165916585922241211e+01
9.014728784561157227e+00
1.370028901100158691e+01
1.282523012161254883e+01
2.431938290596008301e+01
2.055514383316040039e+01
9.635804176330566406e+00
3.441402220726013184e+01
2.241628098487854004e+01
2.748056006431579590e+01
4.574169397354125977e+01
4.002332401275634766e+01
2.651026391983032227e+01
1.995483899116516113e+01
3.973985624313354492e+01
2.408992123603820801e+01
1.417611408233642578e+01
2.037131285667419434e+01
1.873055410385131836e+01
3.728386998176574707e+01
2.611597204208374023e+01
1.926723098754882812e+01
2.985927009582519531e+01
1.693428707122802734e+01
2.129573512077331543e+01
2.017053174972534180e+01
1.794879412651062012e+01
6.256448984146118164e+00
8.395797967910766602e+00
2.073412728309631348e+01
3.763349914550781250e+01
2.095478606224060059e+01
2.997560024261474609e+01
1.023452591896057129e+01
2.263586473464965820e+01
2.044373893737792969e+01
2.958677196502685547e+01
2.185573101043701172e+01
1.115395903587341309e+01
3.126234316825866699e+01
1.020212912559509277e+01
4.054348587989807129e+01
2.612075495719909668e+01
1.469626283645629883e+01
8.964364051818847656e+00
1.230952286720275879e+01
3.848197722434997559e+01
2.960631394386291504e+01
2.399611616134643555e+01
1.659377694129943848e+01
2.750676608085632324e+01
9.004619121551513672e+00
3.319557809829711914e+01
4.811888003349304199e+01
2.441716408729553223e+01
3.272808098793029785e+01
3.347180080413818359e+01
1.844713306427001953e+01
1.461330604553222656e+01
1.456589913368225098e+01
1.283669304847717285e+01
3.064963984489440918e+01
2.287543010711669922e+01
1.641265892982482910e+01
3.231909704208374023e+01
3.810312390327453613e+01
9.888257026672363281e+00
3.536542415618896484e+01
2.435064101219177246e+01
3.743615102767944336e+01
3.233206701278686523e+01
2.578575181961059570e+01
2.381608009338378906e+01
1.916343879699707031e+01
2.039456725120544434e+01
1.117250204086303711e+01
1.674143695831298828e+01
3.348269605636596680e+01
2.851946806907653809e+01
2.968326401710510254e+01
2.577809166908264160e+01
1.827210807800292969e+01
1.488612985610961914e+01
2.300453495979309082e+01
1.764056968688964844e+01
2.307845711708068848e+01
6.967526912689208984e+00
2.100994515419006348e+01
2.246216702461242676e+01
4.641883850097656250e+00
6.509229660034179688e+00
3.654206991195678711e+00
1.528309774398803711e+01
1.990285396575927734e+01
8.915049791336059570e+00
1.686833691596984863e+01
1.632620811462402344e+01
1.076427292823791504e+01
2.190738010406494141e+01
4.096694493293762207e+01
4.155677175521850586e+01
6.955799102783203125e+00
1.016727781295776367e+01
3.074408674240112305e+01
1.273283982276916504e+01
2.101004314422607422e+01
2.390903520584106445e+01
3.336992311477661133e+01
1.983450174331665039e+01
2.520763373374938965e+01
2.930395507812500000e+01
1.041568589210510254e+01
3.550098490715026855e+01
2.437799501419067383e+01
2.030111217498779297e+01
1.257346510887145996e+01
2.756189203262329102e+01
1.479444909095764160e+01
1.500791096687316895e+01
3.950678181648254395e+01
1.556799888610839844e+01
1.409053111076354980e+01
1.852827477455139160e+01
1.926561832427978516e+01
3.275453615188598633e+01
1.348985409736633301e+01
3.057225084304809570e+01
2.840367484092712402e+01
4.074740886688232422e+01
1.458221697807312012e+01
2.300797796249389648e+01
1.673353791236877441e+01
4.756583809852600098e+01
2.482748293876647949e+01
1.743642497062683105e+01
1.180553197860717773e+01
6.973077297210693359e+00
2.212888026237487793e+01
1.299069404602050781e+01
1.791901493072509766e+01
2.220400118827819824e+01
2.372947812080383301e+01
2.592149400711059570e+01
2.466127109527587891e+01
1.281941986083984375e+01
2.464217996597290039e+01
2.022677516937255859e+01
1.254403305053710938e+01
2.715701293945312500e+01
2.358335208892822266e+01
1.551524281501770020e+01
2.696106386184692383e+01
2.395845818519592285e+01
2.638516879081726074e+01
1.734686779975891113e+01
2.202401900291442871e+01
1.890208888053894043e+01
1.372783803939819336e+01
2.938043785095214844e+01
2.734566307067871094e+01
2.437367820739746094e+01
2.134215593338012695e+01
2.726721024513244629e+01
2.007000780105590820e+01
1.876389598846435547e+01
2.196764230728149414e+01
3.198776769638061523e+01
1.742378520965576172e+01
1.445239400863647461e+01
3.392071723937988281e+01
2.874164605140686035e+01
2.474783706665039062e+01
2.209457302093505859e+01
2.832199764251708984e+01
1.744276690483093262e+01
2.819385719299316406e+01
3.961738801002502441e+01
2.247164106369018555e+01
3.783280992507934570e+01
2.732650494575500488e+01
1.576737189292907715e+01
2.633601903915405273e+01
1.819287919998168945e+01
2.556186604499816895e+01
4.042108321189880371e+01
1.966924905776977539e+01
1.551791167259216309e+01
1.769117379188537598e+01
1.657369899749755859e+01
2.825867581367492676e+01
4.202312517166137695e+01
3.255083394050598145e+01
3.315800619125366211e+01
2.960502696037292480e+01
3.227937507629394531e+01
1.524255895614624023e+01
1.920815491676330566e+01
3.337608599662780762e+01
2.440562295913696289e+01
2.988929915428161621e+01
3.498678803443908691e+01
2.671183896064758301e+01
2.195410084724426270e+01
3.098256206512451172e+01
3.457700896263122559e+01
2.102656006813049316e+01
3.151455712318420410e+01
3.111143493652343750e+01
2.874484324455261230e+01
1.103252696990966797e+01
2.300850892066955566e+01
3.524886679649353027e+01
3.128520298004150391e+01
2.116751790046691895e+01
3.421852087974548340e+01
1.079034090042114258e+01
2.513086104393005371e+01
1.819221806526184082e+01
3.218380689620971680e+01
1.580570220947265625e+01
2.614081573486328125e+01
3.327067494392395020e+01
1.351609897613525391e+01
1.459866285324096680e+01
2.583908915519714355e+01
2.172433924674987793e+01
2.849045395851135254e+01
3.754818797111511230e+01
1.448777198791503906e+01
1.808911514282226562e+01
3.121842813491821289e+01
2.002695989608764648e+01
3.707914400100708008e+01
1.435130882263183594e+01
4.050793290138244629e+01
2.355754399299621582e+01
3.351103734970092773e+01
3.526940512657165527e+01
3.777998995780944824e+01
1.987833499908447266e+01
2.984003710746765137e+01
2.893529200553894043e+01
1.631183099746704102e+01
3.339722895622253418e+01
2.863296318054199219e+01
3.460581302642822266e+01
2.450343918800354004e+01
1.530320835113525391e+01
2.358384919166564941e+01
2.648851299285888672e+01
2.696554613113403320e+01
2.381866002082824707e+01
3.851101398468017578e+01
2.806627488136291504e+01
4.006234383583068848e+01
1.928605699539184570e+01
3.043859410285949707e+01
3.765574026107788086e+01
2.800987720489501953e+01
2.117448759078979492e+01
4.595295119285583496e+01
1.304342198371887207e+01
2.947241806983947754e+01
2.385330986976623535e+01
2.172024607658386230e+01
3.128627586364746094e+01
5.057895517349243164e+01
2.114172911643981934e+01
3.834620094299316406e+01
3.523043894767761230e+01
3.573999309539794922e+01
1.273403406143188477e+01
9.115726232528686523e+00
3.221579194068908691e+01
7.172294855117797852e+00
4.485282683372497559e+01
1.789606809616088867e+01
1.298122477531433105e+01
4.320750880241394043e+01
2.323999166488647461e+01
1.865579414367675781e+01
1.376569819450378418e+01
1.508798289299011230e+01
3.566141915321350098e+01
1.326384568214416504e+01
1.342383313179016113e+01
2.306549811363220215e+01
2.016420793533325195e+01
1.780020499229431152e+01
3.056729078292846680e+01
2.586333394050598145e+01
1.300881695747375488e+01
1.538813185691833496e+01
5.047464799880981445e+01
4.314682602882385254e+01
1.981153917312622070e+01
1.041191768646240234e+01
5.528822183609008789e+01
2.408718609809875488e+01
2.639615607261657715e+01
2.189411401748657227e+01
1.547419595718383789e+01
1.182591009140014648e+01
1.805701494216918945e+01
2.935200285911560059e+01
1.347175025939941406e+01
1.057683086395263672e+01
1.633811783790588379e+01
1.402406406402587891e+01
7.492312908172607422e+00
2.565075993537902832e+01
2.482892489433288574e+01
1.496925091743469238e+01
2.575875210762023926e+01
3.113056778907775879e+01
1.617346382141113281e+01
2.796094322204589844e+01
2.763317489624023438e+01
3.611428666114807129e+01
1.726489591598510742e+01
2.401585793495178223e+01
1.422397375106811523e+01
2.435493397712707520e+01
2.740726184844970703e+01
1.036627197265625000e+01
2.875544309616088867e+01
2.934047985076904297e+01
2.737348389625549316e+01
3.052897906303405762e+01
1.873188781738281250e+01
2.695217275619506836e+01
2.392694520950317383e+01
1.460055279731750488e+01
2.738061785697937012e+01
2.150894474983215332e+01
2.010370802879333496e+01
2.348125481605529785e+01
1.663517594337463379e+01
3.006995201110839844e+01
2.368328189849853516e+01
3.043971776962280273e+01
3.469601321220397949e+01
3.110602593421936035e+01
3.307254719734191895e+01
2.630181479454040527e+01
2.917052912712097168e+01
1.981773209571838379e+01
2.688599300384521484e+01
2.916073298454284668e+01
2.160416841506958008e+01
3.247584581375122070e+01
2.127739214897155762e+01
9.799530267715454102e+00
1.990672802925109863e+01
2.274421787261962891e+01
2.109836316108703613e+01
4.593671321868896484e+00
2.252065896987915039e+01
1.086646699905395508e+01
1.038213205337524414e+01
1.062540483474731445e+01
1.928386616706848145e+01
2.508673095703125000e+01
2.138879585266113281e+01
1.588706707954406738e+01
7.367854118347167969e+00
1.571762514114379883e+01
1.366367793083190918e+01
3.721419286727905273e+01
2.724986290931701660e+01
2.955965995788574219e+01
4.092611598968505859e+01
1.469838094711303711e+01
2.748037409782409668e+01
1.142635798454284668e+01
2.339558982849121094e+01
3.472091531753540039e+01
1.871323585510253906e+01
2.570478510856628418e+01
1.272723603248596191e+01
3.556821298599243164e+01
2.603744220733642578e+01
1.641561198234558105e+01
1.809538888931274414e+01
3.918879699707031250e+01
3.329591917991638184e+01
2.138739275932312012e+01
3.058273983001708984e+01
4.776416015625000000e+01
3.233885979652404785e+01
3.154923915863037109e+01
2.468017196655273438e+01
2.616249704360961914e+01
1.913659906387329102e+01
2.352182793617248535e+01
2.632685089111328125e+01
5.956542968750000000e+00
2.171148610115051270e+01
2.091308522224426270e+01
2.239073610305786133e+01
7.284233093261718750e+00
1.705695986747741699e+01
4.277400612831115723e+01
1.062558317184448242e+01
1.284590506553649902e+01
1.868783020973205566e+01
2.134683895111083984e+01
7.105300903320312500e+00
1.615959405899047852e+01
2.337934112548828125e+01
3.561573815345764160e+01
3.003063082695007324e+01
1.964870381355285645e+01
2.263998389244079590e+01
2.440409922599792480e+01
4.604753994941711426e+01
1.484770035743713379e+01
1.198876714706420898e+01
2.560487914085388184e+01
3.324623894691467285e+01
1.707256078720092773e+01
4.243357491493225098e+01
1.529393100738525391e+01
2.117095589637756348e+01
3.307984685897827148e+01
1.682368183135986328e+01
1.904481363296508789e+01
3.678794288635253906e+01
1.332761096954345703e+01
1.500691986083984375e+01
2.468015408515930176e+01
2.882959389686584473e+01
1.700909113883972168e+01
1.869494009017944336e+01
1.809130501747131348e+01
1.123747205734252930e+01
1.968794107437133789e+01
1.843319392204284668e+01
1.405453705787658691e+01
1.610296702384948730e+01
9.361965179443359375e+00
1.043871688842773438e+01
2.289180088043212891e+01
1.175813603401184082e+01
9.765934944152832031e+00
1.026652574539184570e+01
1.281651568412780762e+01
2.899336290359497070e+01
1.178935408592224121e+01
1.490026807785034180e+01
1.911538815498352051e+01
6.084913730621337891e+00
1.121417188644409180e+01
1.076021313667297363e+01
9.578207015991210938e+00
6.352484941482543945e+00
1.848155403137207031e+01
1.005546307563781738e+01
1.859366321563720703e+01
7.613860130310058594e+00
1.973018383979797363e+01
1.724199914932250977e+01
2.435178017616271973e+01
5.325936079025268555e+00
1.155948066711425781e+01
2.881938815116882324e+01
2.232583880424499512e+01
1.138702893257141113e+01
2.135704708099365234e+01
1.563481092453002930e+01
1.613889312744140625e+01
8.604086160659790039e+00
2.307963418960571289e+01
1.341715788841247559e+01
2.230381512641906738e+01
1.078663396835327148e+01
1.280584812164306641e+01
1.980590987205505371e+01
1.541571497917175293e+01
2.182538223266601562e+01
1.355808997154235840e+01
1.406247496604919434e+01
1.719075703620910645e+01
2.637077498435974121e+01
1.005861210823059082e+01
1.457661104202270508e+01
1.008413791656494141e+01
2.219061088562011719e+01
1.188734889030456543e+01
6.507345914840698242e+00
9.432506084442138672e+00
2.896081686019897461e+01
2.459427309036254883e+01
1.395800709724426270e+01
2.928405809402465820e+01
2.501797819137573242e+01
9.700255155563354492e+00
9.680365800857543945e+00
1.398276090621948242e+01
1.528548789024353027e+01
1.285313105583190918e+01
1.455613899230957031e+01
1.297242498397827148e+01
3.393563389778137207e+01
3.997415494918823242e+01
1.421199393272399902e+01
2.373367810249328613e+01
2.947562909126281738e+01
2.111815881729125977e+01
1.951076102256774902e+01
1.487444305419921875e+01
2.308552098274230957e+01
1.918508005142211914e+01
3.176309084892272949e+01
2.937880277633666992e+01
1.435625720024108887e+01
2.727848196029663086e+01
2.092036986351013184e+01
1.084622907638549805e+01
2.947914385795593262e+01
3.516377806663513184e+01
3.163790297508239746e+01
1.697976398468017578e+01
3.208251976966857910e+01
1.804833507537841797e+01
1.437253975868225098e+01
1.747383594512939453e+01
1.853424692153930664e+01
5.697971081733703613e+01
8.734006166458129883e+00
1.509988689422607422e+01
1.441617202758789062e+01
1.557413697242736816e+01
1.729933595657348633e+01
3.594501805305480957e+01
7.503107070922851562e+00
2.401140189170837402e+01
1.629777359962463379e+01
1.394723200798034668e+01
8.627738952636718750e+00
1.620716404914855957e+01
1.365379595756530762e+01
1.076934003829956055e+01
1.111160087585449219e+01
1.466423892974853516e+01
9.934520959854125977e+00
1.173902511596679688e+01
1.011857914924621582e+01
1.915828609466552734e+01
1.326812696456909180e+01
1.502869606018066406e+01
1.637210130691528320e+01
1.754289102554321289e+01
1.560379528999328613e+01
1.722761893272399902e+01
1.044710469245910645e+01
1.114916300773620605e+01
1.319888806343078613e+01
1.565378975868225098e+01
1.971214604377746582e+01
