2.180818724632263184e+01
2.314806723594665527e+01
2.233811116218566895e+01
3.144512319564819336e+01
3.115768504142761230e+01
1.654811024665832520e+01
2.281332302093505859e+01
2.007984304428100586e+01
1.564940977096557617e+01
2.232186865806579590e+01
2.038626909255981445e+01
3.494561696052551270e+01
3.209548115730285645e+01
2.005010890960693359e+01
1.505798387527465820e+01
4.071063494682312012e+01
1.220293188095092773e+01
2.373320603370666504e+01
1.755199217796325684e+01
2.337620401382446289e+01
3.604335498809814453e+01
2.126405310630798340e+01
3.815037894248962402e+01
4.752617812156677246e+01
3.178350019454956055e+01
4.524263095855712891e+01
2.612879014015197754e+01
2.359001708030700684e+01
4.286739325523376465e+01
2.380885767936706543e+01
2.510809969902038574e+01
2.639762830734252930e+01
2.039876008033752441e+01
2.210810303688049316e+01
2.146905112266540527e+01
3.885839486122131348e+01
1.783059406280517578e+01
3.809439778327941895e+01
3.190221428871154785e+01
1.629629397392272949e+01
3.197719597816467285e+01
2.122896790504455566e+01
2.527038908004760742e+01
3.756590008735656738e+01
3.082177186012268066e+01
2.903451395034790039e+01
4.163602113723754883e+01
2.225374221801757812e+01
2.632145786285400391e+01
3.164893102645874023e+01
4.087183737754821777e+01
2.832854890823364258e+01
4.475270485877990723e+01
4.207308888435363770e+01
3.899720692634582520e+01
3.124635577201843262e+01
3.209647107124328613e+01
3.755310702323913574e+01
4.429011702537536621e+01
2.394667482376098633e+01
3.639875888824462891e+01
2.031681108474731445e+01
1.821445584297180176e+01
2.449310088157653809e+01
3.135548114776611328e+01
2.967578196525573730e+01
4.761180615425109863e+01
4.906982803344726562e+01
3.667195701599121094e+01
3.372253799438476562e+01
3.014202475547790527e+01
3.260279393196105957e+01
2.261053895950317383e+01
3.470997905731201172e+01
3.044526910781860352e+01
3.243501400947570801e+01
3.525839209556579590e+01
3.347714877128601074e+01
6.407644605636596680e+01
2.694253587722778320e+01
3.185110211372375488e+01
4.270923805236816406e+01
4.938657474517822266e+01
3.264862275123596191e+01
3.958553504943847656e+01
3.859584116935729980e+01
5.888848304748535156e+01
4.958593988418579102e+01
3.135353803634643555e+01
3.478140187263488770e+01
3.448725605010986328e+01
3.029339170455932617e+01
5.420508313179016113e+01
3.407043194770812988e+01
4.731855225563049316e+01
3.945876193046569824e+01
6.587636995315551758e+01
5.514508199691772461e+01
3.603591203689575195e+01
4.539426398277282715e+01
2.638480305671691895e+01
3.507713723182678223e+01
4.638801503181457520e+01
2.923679780960083008e+01
3.903536009788513184e+01
6.443404698371887207e+01
3.547804093360900879e+01
3.587566089630126953e+01
4.807167077064514160e+01
4.734834194183349609e+01
3.401861977577209473e+01
3.200063610076904297e+01
1.864373517036437988e+01
2.819991087913513184e+01
3.084802198410034180e+01
3.224416804313659668e+01
2.634535503387451172e+01
4.450502777099609375e+01
4.236334705352783203e+01
3.906954503059387207e+01
4.152684903144836426e+01
3.660969114303588867e+01
4.200546288490295410e+01
1.944284176826477051e+01
3.093590903282165527e+01
3.040165209770202637e+01
5.088486599922180176e+01
2.816316294670104980e+01
4.095388603210449219e+01
3.820974493026733398e+01
3.104456806182861328e+01
3.556071233749389648e+01
5.431236696243286133e+01
2.431050610542297363e+01
3.301260709762573242e+01
3.883854508399963379e+01
2.107540607452392578e+01
3.920872807502746582e+01
3.623092508316040039e+01
2.601229882240295410e+01
3.014404487609863281e+01
1.194071722030639648e+01
3.817606782913208008e+01
3.926776814460754395e+01
5.263622498512268066e+01
2.065116810798645020e+01
4.600419878959655762e+01
2.705614519119262695e+01
4.981269311904907227e+01
3.013090777397155762e+01
4.905990028381347656e+01
5.721888709068298340e+01
5.202721786499023438e+01
3.750801706314086914e+01
4.247407698631286621e+01
4.371646118164062500e+01
5.171385693550109863e+01
3.920086097717285156e+01
4.617542910575866699e+01
1.984288811683654785e+01
4.332815480232238770e+01
4.054376912117004395e+01
3.730065608024597168e+01
2.787207388877868652e+01
2.347884917259216309e+01
3.108055806159973145e+01
2.885418510437011719e+01
5.125195002555847168e+01
2.019638037681579590e+01
2.811831188201904297e+01
2.512203168869018555e+01
6.347572207450866699e+01
3.218504333496093750e+01
4.238288211822509766e+01
4.764411091804504395e+01
2.243623709678649902e+01
3.116319799423217773e+01
2.453032493591308594e+01
2.698416829109191895e+01
2.280991697311401367e+01
3.296069502830505371e+01
2.430190992355346680e+01
2.457367110252380371e+01
3.282174611091613770e+01
2.079974102973937988e+01
3.179830908775329590e+01
2.911891031265258789e+01
3.480576896667480469e+01
1.308324217796325684e+01
3.239605307579040527e+01
3.696775603294372559e+01
2.649442982673645020e+01
2.708262300491333008e+01
3.666939520835876465e+01
3.166137409210205078e+01
3.170483207702636719e+01
1.981913900375366211e+01
2.759448337554931641e+01
3.190937018394470215e+01
3.161502528190612793e+01
3.160600876808166504e+01
3.092023491859436035e+01
1.914881992340087891e+01
3.634768509864807129e+01
3.557865190505981445e+01
3.179176187515258789e+01
3.802114510536193848e+01
4.132645988464355469e+01
4.303418922424316406e+01
4.003054499626159668e+01
3.445627784729003906e+01
2.992928385734558105e+01
4.228575110435485840e+01
3.501101803779602051e+01
2.522457695007324219e+01
3.626838088035583496e+01
3.098370289802551270e+01
3.112647700309753418e+01
3.343770599365234375e+01
3.465788912773132324e+01
3.665463089942932129e+01
3.481931281089782715e+01
3.440289378166198730e+01
2.906009769439697266e+01
3.929329776763916016e+01
1.939382910728454590e+01
3.774253797531127930e+01
4.404938387870788574e+01
4.002488088607788086e+01
2.485217094421386719e+01
3.490984177589416504e+01
3.065721011161804199e+01
3.951222300529479980e+01
4.176317882537841797e+01
3.972631573677062988e+01
3.207834005355834961e+01
4.414732408523559570e+01
4.049643111228942871e+01
3.338381695747375488e+01
3.688801717758178711e+01
3.888228607177734375e+01
4.214972281455993652e+01
4.326939392089843750e+01
3.867258691787719727e+01
3.586752891540527344e+01
3.539010810852050781e+01
3.843640899658203125e+01
2.952051830291748047e+01
2.953621578216552734e+01
3.758476090431213379e+01
4.351641798019409180e+01
3.915230703353881836e+01
4.074334692955017090e+01
3.718606591224670410e+01
3.293608999252319336e+01
4.083542704582214355e+01
3.720329904556274414e+01
3.040102005004882812e+01
4.940298795700073242e+01
3.338619589805603027e+01
2.165878772735595703e+01
4.197926807403564453e+01
3.735313892364501953e+01
5.464919304847717285e+01
2.263199210166931152e+01
4.186890316009521484e+01
4.192742109298706055e+01
4.406408905982971191e+01
3.951265096664428711e+01
5.221894907951354980e+01
3.344854974746704102e+01
5.148900198936462402e+01
4.950648403167724609e+01
3.242309594154357910e+01
3.493309497833251953e+01
2.883622384071350098e+01
4.561433815956115723e+01
2.345532011985778809e+01
4.321913194656372070e+01
3.228436088562011719e+01
2.335906291007995605e+01
2.463467812538146973e+01
3.330435681343078613e+01
3.179393196105957031e+01
2.003470206260681152e+01
4.309888792037963867e+01
3.686198306083679199e+01
4.366263604164123535e+01
3.505713725090026855e+01
4.495886588096618652e+01
3.858467102050781250e+01
3.578993511199951172e+01
3.822308397293090820e+01
3.929074883460998535e+01
2.957535290718078613e+01
3.470956277847290039e+01
4.887133526802062988e+01
4.638094997406005859e+01
3.778930306434631348e+01
4.114381623268127441e+01
3.092414689064025879e+01
2.708452391624450684e+01
3.658348107337951660e+01
6.034052491188049316e+01
3.286927413940429688e+01
3.857227706909179688e+01
3.163510394096374512e+01
4.147255396842956543e+01
3.456047201156616211e+01
4.749494910240173340e+01
3.230718493461608887e+01
3.296417307853698730e+01
4.192006492614746094e+01
3.114804410934448242e+01
4.153755807876586914e+01
2.476170206069946289e+01
3.132883214950561523e+01
3.958915400505065918e+01
3.338641929626464844e+01
2.638659906387329102e+01
3.864679288864135742e+01
2.152060699462890625e+01
2.470423913002014160e+01
2.391365718841552734e+01
2.832685995101928711e+01
4.074815511703491211e+01
3.645843362808227539e+01
4.345790886878967285e+01
3.054178595542907715e+01
3.510264301300048828e+01
3.414454197883605957e+01
4.705132007598876953e+01
3.359815311431884766e+01
3.968983888626098633e+01
4.273065805435180664e+01
2.823060703277587891e+01
2.380652213096618652e+01
6.048639583587646484e+01
3.163604998588562012e+01
3.518733692169189453e+01
2.497826933860778809e+01
3.861182212829589844e+01
3.421062994003295898e+01
3.933696579933166504e+01
3.071780920028686523e+01
3.223204469680786133e+01
3.043756699562072754e+01
3.169394302368164062e+01
5.251408100128173828e+01
4.418066883087158203e+01
3.126301193237304688e+01
4.977090597152709961e+01
3.126356101036071777e+01
4.079584527015686035e+01
4.288122630119323730e+01
4.122400379180908203e+01
4.180904293060302734e+01
5.589519500732421875e+01
4.407380414009094238e+01
3.452616429328918457e+01
3.523599720001220703e+01
3.287089920043945312e+01
4.281698727607727051e+01
3.327464175224304199e+01
4.129378318786621094e+01
2.933366799354553223e+01
4.239343595504760742e+01
4.972266793251037598e+01
5.175960397720336914e+01
4.321948909759521484e+01
3.444539380073547363e+01
6.923528099060058594e+01
3.484161281585693359e+01
4.179762816429138184e+01
2.476874613761901855e+01
5.470286488533020020e+01
3.343101072311401367e+01
4.528132891654968262e+01
3.467897319793701172e+01
3.289090824127197266e+01
4.276529693603515625e+01
2.442121100425720215e+01
5.800025796890258789e+01
2.585365319252014160e+01
5.205062699317932129e+01
3.382707095146179199e+01
6.727771711349487305e+01
3.110330700874328613e+01
2.274378776550292969e+01
3.704171705245971680e+01
3.367112994194030762e+01
4.859101223945617676e+01
2.825985836982727051e+01
1.240095806121826172e+01
3.913175082206726074e+01
4.274825191497802734e+01
3.670638203620910645e+01
3.378752088546752930e+01
5.696967911720275879e+01
3.030263113975524902e+01
3.549477696418762207e+01
4.137066507339477539e+01
3.803776597976684570e+01
4.815763211250305176e+01
3.787081503868103027e+01
5.735049414634704590e+01
4.021133899688720703e+01
2.782727098464965820e+01
2.745251107215881348e+01
4.472197794914245605e+01
2.479361629486083984e+01
3.962668395042419434e+01
4.396811294555664062e+01
3.742988801002502441e+01
4.320005106925964355e+01
3.924816679954528809e+01
7.254095721244812012e+01
2.222729802131652832e+01
4.565203595161437988e+01
3.652951502799987793e+01
4.567918992042541504e+01
3.365595388412475586e+01
3.682628393173217773e+01
4.330202221870422363e+01
3.032153391838073730e+01
5.318873596191406250e+01
5.197382712364196777e+01
3.662777400016784668e+01
3.068143200874328613e+01
3.381061601638793945e+01
4.475648999214172363e+01
4.149901795387268066e+01
4.627619290351867676e+01
3.989276504516601562e+01
4.196351313591003418e+01
3.127639698982238770e+01
3.932959604263305664e+01
4.171509623527526855e+01
3.568539309501647949e+01
3.236819195747375488e+01
2.932825589179992676e+01
4.660041904449462891e+01
4.305160284042358398e+01
2.320589494705200195e+01
4.140534615516662598e+01
4.257347416877746582e+01
4.153663301467895508e+01
3.547557282447814941e+01
3.170566487312316895e+01
4.815903377532958984e+01
2.707979917526245117e+01
3.256508398056030273e+01
7.477905893325805664e+01
3.077544689178466797e+01
5.064718103408813477e+01
4.033228087425231934e+01
3.481300902366638184e+01
5.777772903442382812e+01
3.323396468162536621e+01
3.617603898048400879e+01
3.981545019149780273e+01
4.323535203933715820e+01
4.342929315567016602e+01
2.544463324546813965e+01
3.755553007125854492e+01
4.650880694389343262e+01
6.680763292312622070e+01
4.134130311012268066e+01
2.082377815246582031e+01
4.514041399955749512e+01
4.580036306381225586e+01
5.152016425132751465e+01
2.438063502311706543e+01
3.764626193046569824e+01
2.653849101066589355e+01
3.038424015045166016e+01
4.816037726402282715e+01
4.805883789062500000e+01
3.779663681983947754e+01
3.098379397392272949e+01
2.423449897766113281e+01
3.577671980857849121e+01
2.403428483009338379e+01
1.592775511741638184e+01
3.926642417907714844e+01
4.912360978126525879e+01
3.833418893814086914e+01
1.674684691429138184e+01
2.932471489906311035e+01
4.952541804313659668e+01
5.147748613357543945e+01
3.951272082328796387e+01
1.855042505264282227e+01
3.034838485717773438e+01
2.697934484481811523e+01
4.783299303054809570e+01
2.527967095375061035e+01
2.282034993171691895e+01
1.675920820236206055e+01
2.026779532432556152e+01
5.613384509086608887e+01
2.048863410949707031e+01
1.915841197967529297e+01
4.045179009437561035e+01
5.378414916992187500e+01
2.732220387458801270e+01
5.726309084892272949e+01
2.167252516746520996e+01
5.692036199569702148e+01
2.719278216361999512e+01
3.108371305465698242e+01
2.295988368988037109e+01
3.821408820152282715e+01
2.750577521324157715e+01
2.850969719886779785e+01
2.816436696052551270e+01
2.623663187026977539e+01
2.319205403327941895e+01
2.427929687500000000e+01
2.801198577880859375e+01
4.787967634201049805e+01
6.008964419364929199e+01
2.711572384834289551e+01
2.823971295356750488e+01
3.207031702995300293e+01
2.814167976379394531e+01
2.575526404380798340e+01
2.867943286895751953e+01
2.413184285163879395e+01
5.122938108444213867e+01
2.649728298187255859e+01
2.856788086891174316e+01
3.442806506156921387e+01
4.517073059082031250e+01
3.221560096740722656e+01
3.000641322135925293e+01
2.509189510345458984e+01
1.848795700073242188e+01
3.008100605010986328e+01
2.672579216957092285e+01
2.748766374588012695e+01
3.261842513084411621e+01
3.718578290939331055e+01
4.618843078613281250e+01
2.442769718170166016e+01
2.895904469490051270e+01
5.164547991752624512e+01
4.062788414955139160e+01
2.915736317634582520e+01
3.024325418472290039e+01
2.328970718383789062e+01
3.073035502433776855e+01
3.409822201728820801e+01
3.333111214637756348e+01
1.257516002655029297e+01
3.728033185005187988e+01
1.726900410652160645e+01
2.312133598327636719e+01
2.350960612297058105e+01
3.002860403060913086e+01
3.388051891326904297e+01
2.715825009346008301e+01
3.458631277084350586e+01
3.536432266235351562e+01
3.637128806114196777e+01
3.544813799858093262e+01
4.784398412704467773e+01
3.038066983222961426e+01
3.991588783264160156e+01
4.011435699462890625e+01
3.287913703918457031e+01
2.717842102050781250e+01
2.650183033943176270e+01
3.090206694602966309e+01
3.786137986183166504e+01
3.795440506935119629e+01
3.226175808906555176e+01
3.472070503234863281e+01
3.462845492362976074e+01
2.943937301635742188e+01
3.678990507125854492e+01
3.020427227020263672e+01
3.632304573059082031e+01
3.335326695442199707e+01
2.175629591941833496e+01
2.751441478729248047e+01
3.915526390075683594e+01
3.932546806335449219e+01
3.986755776405334473e+01
3.671735596656799316e+01
4.021344780921936035e+01
3.965305304527282715e+01
3.672132611274719238e+01
4.514818620681762695e+01
3.596461701393127441e+01
4.188014507293701172e+01
3.381516695022583008e+01
4.475016593933105469e+01
2.924258017539978027e+01
3.265880990028381348e+01
4.024571108818054199e+01
3.603696990013122559e+01
3.666614985466003418e+01
3.239142990112304688e+01
3.617241096496582031e+01
3.499226117134094238e+01
5.285677981376647949e+01
4.165870690345764160e+01
3.722968125343322754e+01
4.449187183380126953e+01
3.720197701454162598e+01
3.363964915275573730e+01
3.662628984451293945e+01
3.888113212585449219e+01
5.214157581329345703e+01
4.150557804107666016e+01
4.183683991432189941e+01
2.986858105659484863e+01
2.798205828666687012e+01
4.379549503326416016e+01
3.158566117286682129e+01
2.637304401397705078e+01
3.978924894332885742e+01
3.837380313873291016e+01
2.779364204406738281e+01
4.690577793121337891e+01
4.182559585571289062e+01
3.997538089752197266e+01
3.076968312263488770e+01
4.655651879310607910e+01
3.206229710578918457e+01
3.732270002365112305e+01
2.409514498710632324e+01
3.060030627250671387e+01
2.602400612831115723e+01
2.605749297142028809e+01
1.725673294067382812e+01
1.885498166084289551e+01
2.536349272727966309e+01
3.871426582336425781e+01
3.099491214752197266e+01
2.723652482032775879e+01
3.813074707984924316e+01
2.188894891738891602e+01
2.512961602210998535e+01
1.832247805595397949e+01
2.484619688987731934e+01
3.833893609046936035e+01
4.806545114517211914e+01
3.630729699134826660e+01
4.082843899726867676e+01
4.537093997001647949e+01
4.142943692207336426e+01
3.707171297073364258e+01
2.410227704048156738e+01
3.715394926071166992e+01
4.811823272705078125e+01
2.451905703544616699e+01
4.503007102012634277e+01
2.339238095283508301e+01
4.130473089218139648e+01
2.704124999046325684e+01
4.715872573852539062e+01
3.639796400070190430e+01
4.691371297836303711e+01
4.796099495887756348e+01
4.278868079185485840e+01
2.019334912300109863e+01
1.950886774063110352e+01
2.226537489891052246e+01
3.006832313537597656e+01
2.783384704589843750e+01
3.293423366546630859e+01
3.934971094131469727e+01
4.623966693878173828e+01
4.645936226844787598e+01
2.858186292648315430e+01
3.567123508453369141e+01
2.912822079658508301e+01
2.611444973945617676e+01
3.497809004783630371e+01
3.075546908378601074e+01
4.890952515602111816e+01
3.082042694091796875e+01
3.182929992675781250e+01
3.534856796264648438e+01
4.266093111038208008e+01
3.844863724708557129e+01
4.030917096138000488e+01
3.904456496238708496e+01
2.226821303367614746e+01
5.006097388267517090e+01
4.997736191749572754e+01
5.503324389457702637e+01
4.668450999259948730e+01
4.660090899467468262e+01
3.705491113662719727e+01
4.450051903724670410e+01
2.452029418945312500e+01
4.356680393218994141e+01
3.099473881721496582e+01
4.757918095588684082e+01
4.481886196136474609e+01
4.232799506187438965e+01
5.009687376022338867e+01
3.211741781234741211e+01
3.047077703475952148e+01
5.316576981544494629e+01
4.368011713027954102e+01
3.419024491310119629e+01
3.764564299583435059e+01
5.041854596138000488e+01
4.562962198257446289e+01
2.470269298553466797e+01
4.349003410339355469e+01
4.872007298469543457e+01
5.337612104415893555e+01
4.165330910682678223e+01
2.560109400749206543e+01
2.510560512542724609e+01
4.398450779914855957e+01
2.647537493705749512e+01
5.621294808387756348e+01
4.070722675323486328e+01
4.098085618019104004e+01
3.399600100517272949e+01
4.581890296936035156e+01
2.417333889007568359e+01
2.191293120384216309e+01
3.056161117553710938e+01
5.371732902526855469e+01
2.710827183723449707e+01
4.371772813796997070e+01
3.492664480209350586e+01
5.715798616409301758e+01
2.940625381469726562e+01
4.241665005683898926e+01
3.543730187416076660e+01
3.616702675819396973e+01
5.206022691726684570e+01
5.846274280548095703e+01
3.682364606857299805e+01
4.970178675651550293e+01
5.186988806724548340e+01
5.933580493927001953e+01
3.316832900047302246e+01
2.536954426765441895e+01
2.800040030479431152e+01
2.233121800422668457e+01
3.256827592849731445e+01
3.576040220260620117e+01
2.223578882217407227e+01
3.551028895378112793e+01
3.902825903892517090e+01
5.018953418731689453e+01
3.906555104255676270e+01
4.468798804283142090e+01
3.229710316658020020e+01
4.110621213912963867e+01
2.605447506904602051e+01
3.538222503662109375e+01
3.446866798400878906e+01
2.602459001541137695e+01
3.539800715446472168e+01
3.177911996841430664e+01
1.852833795547485352e+01
2.419206404685974121e+01
1.842663574218750000e+01
3.030502676963806152e+01
3.722987794876098633e+01
4.991913914680480957e+01
5.084985184669494629e+01
6.384309887886047363e+01
1.800150084495544434e+01
3.277519202232360840e+01
3.691713714599609375e+01
2.749542617797851562e+01
1.751536607742309570e+01
2.753634667396545410e+01
3.947138786315917969e+01
3.289694285392761230e+01
1.692565393447875977e+01
1.990019726753234863e+01
3.062724876403808594e+01
4.764440512657165527e+01
2.559686088562011719e+01
2.908679008483886719e+01
4.251327610015869141e+01
1.951555466651916504e+01
3.297312903404235840e+01
3.747081303596496582e+01
3.071933794021606445e+01
3.150859284400939941e+01
3.764258313179016113e+01
3.322491407394409180e+01
4.411716198921203613e+01
4.418002319335937500e+01
3.318682026863098145e+01
3.710722899436950684e+01
5.294619894027709961e+01
4.695755887031555176e+01
3.840730333328247070e+01
2.522041010856628418e+01
4.173788213729858398e+01
4.226287698745727539e+01
3.509299492835998535e+01
2.575146484375000000e+01
4.315125393867492676e+01
3.051083493232727051e+01
2.290875411033630371e+01
2.807293224334716797e+01
4.261370229721069336e+01
4.991034579277038574e+01
4.241933822631835938e+01
3.628934597969055176e+01
3.938404607772827148e+01
4.358754873275756836e+01
3.092560505867004395e+01
4.521696686744689941e+01
3.674331188201904297e+01
4.199522709846496582e+01
3.709292531013488770e+01
3.726405286788940430e+01
5.583813214302062988e+01
3.645757722854614258e+01
2.474848103523254395e+01
5.022255110740661621e+01
2.957359004020690918e+01
3.037321114540100098e+01
3.504193019866943359e+01
3.003872585296630859e+01
2.600925111770629883e+01
3.464126586914062500e+01
4.019795417785644531e+01
3.503923916816711426e+01
2.512390804290771484e+01
3.272126126289367676e+01
5.007674312591552734e+01
3.744562363624572754e+01
2.832446289062500000e+01
2.383546113967895508e+01
3.473363518714904785e+01
3.818230032920837402e+01
3.371008014678955078e+01
2.887895584106445312e+01
4.760760116577148438e+01
2.642106103897094727e+01
2.874435400962829590e+01
4.571368694305419922e+01
4.125175499916076660e+01
3.295504379272460938e+01
3.099433302879333496e+01
2.741817307472229004e+01
3.551062393188476562e+01
3.195838284492492676e+01
2.438734507560729980e+01
4.368697118759155273e+01
3.815577769279479980e+01
3.630788516998291016e+01
4.434181904792785645e+01
3.734859609603881836e+01
3.178072595596313477e+01
4.113982105255126953e+01
4.743351078033447266e+01
3.419210481643676758e+01
4.091220378875732422e+01
2.971400690078735352e+01
3.587455797195434570e+01
3.947291493415832520e+01
4.106903719902038574e+01
1.862578678131103516e+01
3.510235404968261719e+01
3.131622242927551270e+01
4.102761292457580566e+01
4.555318498611450195e+01
3.291080021858215332e+01
3.273439502716064453e+01
4.617464184761047363e+01
1.733046698570251465e+01
2.803341317176818848e+01
2.336788296699523926e+01
1.899580907821655273e+01
3.851571416854858398e+01
4.139877080917358398e+01
4.435061097145080566e+01
3.613365817070007324e+01
4.850231194496154785e+01
4.918491816520690918e+01
3.709132909774780273e+01
3.767557001113891602e+01
3.240101003646850586e+01
4.205430483818054199e+01
4.919660091400146484e+01
3.764732313156127930e+01
2.515540313720703125e+01
4.206136584281921387e+01
3.390757608413696289e+01
4.176326298713684082e+01
4.841770792007446289e+01
3.238811182975769043e+01
2.016252183914184570e+01
2.997724413871765137e+01
3.692205190658569336e+01
4.829124212265014648e+01
4.390295791625976562e+01
3.510081624984741211e+01
4.288291192054748535e+01
4.263924217224121094e+01
2.755772185325622559e+01
4.731534600257873535e+01
4.191703987121582031e+01
2.065861201286315918e+01
3.755033493041992188e+01
3.658463215827941895e+01
5.727693295478820801e+01
4.287654185295104980e+01
4.186569690704345703e+01
2.506546092033386230e+01
4.723727798461914062e+01
4.348707675933837891e+01
2.302796697616577148e+01
3.795901703834533691e+01
4.344972395896911621e+01
4.391585707664489746e+01
3.113007521629333496e+01
3.565513277053833008e+01
4.344660210609436035e+01
4.082556796073913574e+01
1.585208225250244141e+01
3.906682300567626953e+01
4.418800210952758789e+01
4.364214825630187988e+01
5.345334410667419434e+01
6.890339589118957520e+01
3.995138287544250488e+01
1.994538974761962891e+01
4.594647383689880371e+01
5.057961297035217285e+01
1.816878890991210938e+01
5.177198076248168945e+01
4.606192398071289062e+01
4.109472894668579102e+01
5.109495615959167480e+01
4.517269301414489746e+01
2.404400491714477539e+01
4.728162622451782227e+01
4.658702301979064941e+01
3.948607993125915527e+01
4.184766006469726562e+01
3.918592000007629395e+01
4.041360902786254883e+01
2.964882373809814453e+01
4.730371880531311035e+01
4.367504382133483887e+01
4.073568797111511230e+01
3.175302624702453613e+01
3.896787929534912109e+01
3.543645119667053223e+01
4.295480799674987793e+01
3.788789892196655273e+01
4.631126880645751953e+01
4.496824288368225098e+01
3.795945382118225098e+01
5.060178995132446289e+01
3.930435991287231445e+01
5.292876911163330078e+01
4.926886200904846191e+01
3.276214098930358887e+01
4.988402080535888672e+01
4.010148501396179199e+01
2.705225515365600586e+01
2.928033304214477539e+01
1.895973086357116699e+01
4.958132123947143555e+01
3.291093873977661133e+01
3.203979992866516113e+01
3.919126605987548828e+01
3.802089691162109375e+01
2.601260399818420410e+01
4.120233011245727539e+01
4.478517127037048340e+01
4.927987718582153320e+01
3.360871791839599609e+01
3.134714102745056152e+01
2.524881505966186523e+01
4.968144202232360840e+01
2.696510314941406250e+01
2.502832603454589844e+01
4.290545701980590820e+01
2.948616075515747070e+01
4.273850893974304199e+01
3.674867510795593262e+01
4.299265813827514648e+01
4.311537694931030273e+01
4.131359720230102539e+01
2.621927404403686523e+01
3.247677016258239746e+01
5.837673807144165039e+01
1.979064202308654785e+01
3.416385602951049805e+01
2.254568910598754883e+01
4.803706383705139160e+01
2.588758921623229980e+01
4.365516233444213867e+01
2.677784991264343262e+01
1.989928317070007324e+01
2.752893614768981934e+01
3.273675179481506348e+01
4.786966991424560547e+01
5.413610506057739258e+01
2.635810089111328125e+01
4.472948408126831055e+01
2.844270396232604980e+01
3.498399806022644043e+01
3.573690390586853027e+01
3.495772695541381836e+01
3.454834413528442383e+01
2.337002396583557129e+01
3.328816938400268555e+01
3.969547963142395020e+01
4.518529677391052246e+01
5.343464422225952148e+01
4.717219614982604980e+01
2.027889823913574219e+01
5.558431005477905273e+01
3.738065195083618164e+01
5.613543081283569336e+01
2.847295784950256348e+01
4.125266718864440918e+01
3.371410822868347168e+01
1.903452587127685547e+01
5.656074309349060059e+01
2.404652404785156250e+01
5.661868476867675781e+01
3.921363997459411621e+01
2.672298693656921387e+01
2.845890879631042480e+01
3.792946410179138184e+01
3.959886479377746582e+01
5.573470902442932129e+01
3.774017786979675293e+01
4.857622003555297852e+01
1.436193799972534180e+01
2.644544410705566406e+01
2.905361104011535645e+01
4.558154010772705078e+01
4.250261616706848145e+01
1.744404888153076172e+01
3.140258002281188965e+01
3.204150128364562988e+01
1.965128612518310547e+01
3.426252985000610352e+01
3.004693007469177246e+01
3.840578699111938477e+01
3.092807412147521973e+01
3.907602310180664062e+01
3.013794565200805664e+01
2.120488500595092773e+01
5.582413172721862793e+01
5.995089387893676758e+01
2.208638501167297363e+01
5.862278580665588379e+01
3.540543103218078613e+01
4.483306217193603516e+01
3.617827701568603516e+01
3.417089009284973145e+01
2.495043730735778809e+01
2.476239323616027832e+01
4.740422987937927246e+01
2.810515403747558594e+01
3.802052116394042969e+01
3.433766293525695801e+01
6.797537088394165039e+01
2.588524913787841797e+01
6.742778968811035156e+01
2.597002887725830078e+01
3.885255908966064453e+01
5.566328239440917969e+01
3.665970826148986816e+01
3.655140018463134766e+01
3.040338611602783203e+01
1.795127511024475098e+01
2.673069691658020020e+01
3.862325930595397949e+01
3.390644407272338867e+01
1.953893399238586426e+01
5.001836109161376953e+01
2.117432188987731934e+01
3.378967809677124023e+01
1.962032103538513184e+01
3.403287220001220703e+01
2.724613881111145020e+01
3.366803503036499023e+01
2.588906002044677734e+01
3.589004302024841309e+01
2.113011717796325684e+01
4.263134980201721191e+01
2.170333600044250488e+01
4.424695396423339844e+01
5.438079190254211426e+01
3.257974123954772949e+01
2.302647495269775391e+01
4.191368818283081055e+01
3.290258979797363281e+01
4.209263062477111816e+01
2.512367510795593262e+01
4.608891391754150391e+01
2.930266380310058594e+01
4.253572201728820801e+01
2.909588003158569336e+01
3.444001793861389160e+01
4.656704258918762207e+01
4.541629099845886230e+01
4.780113911628723145e+01
3.646586704254150391e+01
2.414772820472717285e+01
3.643422794342041016e+01
3.883328795433044434e+01
2.904749488830566406e+01
3.428455686569213867e+01
4.061297416687011719e+01
4.077579188346862793e+01
3.437057495117187500e+01
3.524106287956237793e+01
5.137446713447570801e+01
3.660057878494262695e+01
5.089255285263061523e+01
5.281573295593261719e+01
3.802280402183532715e+01
4.146482419967651367e+01
3.243193888664245605e+01
3.866923284530639648e+01
3.802975010871887207e+01
4.612457203865051270e+01
3.707496595382690430e+01
4.944752883911132812e+01
3.938767099380493164e+01
3.488626790046691895e+01
4.890768098831176758e+01
3.936268115043640137e+01
2.896290588378906250e+01
4.173589682579040527e+01
3.958569526672363281e+01
2.402482318878173828e+01
2.838339519500732422e+01
3.012099099159240723e+01
5.049517178535461426e+01
3.711472892761230469e+01
3.962727022171020508e+01
2.674708914756774902e+01
1.913575410842895508e+01
5.185036587715148926e+01
3.136958122253417969e+01
3.840577507019042969e+01
3.837811899185180664e+01
3.701394486427307129e+01
3.681366610527038574e+01
2.465659594535827637e+01
4.180325508117675781e+01
4.150714206695556641e+01
4.259074187278747559e+01
3.492178487777709961e+01
3.157291603088378906e+01
4.410199809074401855e+01
4.447437787055969238e+01
2.981424069404602051e+01
4.405282092094421387e+01
4.057403612136840820e+01
2.892670679092407227e+01
4.580983686447143555e+01
3.251377463340759277e+01
4.994234108924865723e+01
4.161101603507995605e+01
5.246889901161193848e+01
3.876413321495056152e+01
2.597066402435302734e+01
4.339210987091064453e+01
4.179351186752319336e+01
3.831165695190429688e+01
2.942562699317932129e+01
3.907732105255126953e+01
5.063452696800231934e+01
1.825832724571228027e+01
3.428128790855407715e+01
4.693790078163146973e+01
4.558697795867919922e+01
4.679102087020874023e+01
3.457250690460205078e+01
4.418891191482543945e+01
3.681687498092651367e+01
3.698676419258117676e+01
2.715392732620239258e+01
4.070141434669494629e+01
3.786393761634826660e+01
4.352969694137573242e+01
4.890734601020812988e+01
4.471582221984863281e+01
2.370761489868164062e+01
3.346134614944458008e+01
5.720962190628051758e+01
4.502575802803039551e+01
3.241898107528686523e+01
6.547994589805603027e+01
4.548284173011779785e+01
4.426344799995422363e+01
3.956936192512512207e+01
2.730777287483215332e+01
3.432293033599853516e+01
4.971218299865722656e+01
3.185613274574279785e+01
3.198562622070312500e+01
2.049964404106140137e+01
2.731267094612121582e+01
3.803362202644348145e+01
3.822087001800537109e+01
2.061681008338928223e+01
3.636742925643920898e+01
5.825152373313903809e+01
3.182191109657287598e+01
3.144352602958679199e+01
3.573084425926208496e+01
3.709159898757934570e+01
4.724409127235412598e+01
3.826942610740661621e+01
3.633224391937255859e+01
3.554163885116577148e+01
4.835897231101989746e+01
3.925533294677734375e+01
3.170981311798095703e+01
3.535254693031311035e+01
3.375657963752746582e+01
5.154992103576660156e+01
3.949751400947570801e+01
3.869236183166503906e+01
5.172771787643432617e+01
3.962324976921081543e+01
3.522112894058227539e+01
3.830406117439270020e+01
3.584422397613525391e+01
5.084610819816589355e+01
3.266841030120849609e+01
5.154257774353027344e+01
4.052713394165039062e+01
3.454061317443847656e+01
4.750897002220153809e+01
3.029923796653747559e+01
5.478558588027954102e+01
5.527115416526794434e+01
5.417503595352172852e+01
4.246424603462219238e+01
4.866477704048156738e+01
4.965039420127868652e+01
4.413533806800842285e+01
4.424551081657409668e+01
3.044215321540832520e+01
2.998557090759277344e+01
4.159062290191650391e+01
2.947811985015869141e+01
3.663664484024047852e+01
4.032785415649414062e+01
3.566727423667907715e+01
4.432755112648010254e+01
3.998852801322937012e+01
1.993842625617980957e+01
4.144657826423645020e+01
3.050345182418823242e+01
5.895543408393859863e+01
2.600617027282714844e+01
5.683687782287597656e+01
4.218180513381958008e+01
3.604537606239318848e+01
4.202961897850036621e+01
4.008791494369506836e+01
3.719990706443786621e+01
2.958866095542907715e+01
2.061302113533020020e+01
3.005116105079650879e+01
2.308509731292724609e+01
2.374283385276794434e+01
4.267817497253417969e+01
6.314550304412841797e+01
2.078283691406250000e+01
2.801014709472656250e+01
3.094089102745056152e+01
2.534176731109619141e+01
5.023858523368835449e+01
4.453789901733398438e+01
3.419991707801818848e+01
3.686195993423461914e+01
5.225064277648925781e+01
5.245051717758178711e+01
3.371785497665405273e+01
2.498489809036254883e+01
3.503820323944091797e+01
2.881940507888793945e+01
4.248243999481201172e+01
3.269834113121032715e+01
3.913049387931823730e+01
5.508505821228027344e+01
3.692075204849243164e+01
3.521445131301879883e+01
3.102710080146789551e+01
3.887031912803649902e+01
4.410711407661437988e+01
5.600162887573242188e+01
4.051236486434936523e+01
5.554808616638183594e+01
2.580364394187927246e+01
4.523835396766662598e+01
3.781652998924255371e+01
5.062505912780761719e+01
2.892641782760620117e+01
4.509142494201660156e+01
2.399086904525756836e+01
3.335399174690246582e+01
4.075787711143493652e+01
4.166359305381774902e+01
4.174024295806884766e+01
3.126538181304931641e+01
3.382484197616577148e+01
3.189185690879821777e+01
3.396375131607055664e+01
2.981038069725036621e+01
3.100552010536193848e+01
2.600227689743041992e+01
2.516855692863464355e+01
3.514065408706665039e+01
4.499465513229370117e+01
3.567367291450500488e+01
2.597555589675903320e+01
3.527454710006713867e+01
5.747368383407592773e+01
3.612863993644714355e+01
2.737145495414733887e+01
3.375815820693969727e+01
3.737454819679260254e+01
2.210181808471679688e+01
2.676914596557617188e+01
4.009955477714538574e+01
3.475780892372131348e+01
3.482532620429992676e+01
3.496221899986267090e+01
3.262015390396118164e+01
2.690124297142028809e+01
2.756412720680236816e+01
3.196821188926696777e+01
2.670065617561340332e+01
4.580730891227722168e+01
3.724073076248168945e+01
3.311116528511047363e+01
2.714359092712402344e+01
3.254363012313842773e+01
5.075228595733642578e+01
3.513860917091369629e+01
3.467575979232788086e+01
5.171283698081970215e+01
2.432458186149597168e+01
2.845761013031005859e+01
2.599329018592834473e+01
2.833861088752746582e+01
6.496089220046997070e+01
3.653491806983947754e+01
6.155639028549194336e+01
2.836112117767333984e+01
4.377013707160949707e+01
2.465420889854431152e+01
3.512420797348022461e+01
5.461120080947875977e+01
4.198095631599426270e+01
4.199244117736816406e+01
3.191270589828491211e+01
4.255663990974426270e+01
2.872065114974975586e+01
3.782881808280944824e+01
3.650847816467285156e+01
2.350062990188598633e+01
3.581132578849792480e+01
3.779370284080505371e+01
3.809043598175048828e+01
4.402088189125061035e+01
2.167649197578430176e+01
4.186768388748168945e+01
2.955509829521179199e+01
3.513348293304443359e+01
5.685826778411865234e+01
3.676185393333435059e+01
4.316202783584594727e+01
3.498606419563293457e+01
4.148268079757690430e+01
4.573976492881774902e+01
2.368894124031066895e+01
4.041628599166870117e+01
4.283398294448852539e+01
4.001838898658752441e+01
2.216396117210388184e+01
1.841574978828430176e+01
3.472987103462219238e+01
5.604579305648803711e+01
5.887651205062866211e+01
3.659167885780334473e+01
2.659423279762268066e+01
4.311845874786376953e+01
4.212337827682495117e+01
3.968826484680175781e+01
2.243934798240661621e+01
3.424483990669250488e+01
4.638537907600402832e+01
4.191946887969970703e+01
2.243219089508056641e+01
4.275007200241088867e+01
4.389594292640686035e+01
4.951102304458618164e+01
1.769480490684509277e+01
4.511002612113952637e+01
4.648894786834716797e+01
3.780229687690734863e+01
2.422178721427917480e+01
2.196037888526916504e+01
2.733269405364990234e+01
5.139416813850402832e+01
4.198453998565673828e+01
3.143002486228942871e+01
4.242109608650207520e+01
4.865597915649414062e+01
4.425657773017883301e+01
4.846088814735412598e+01
5.611301088333129883e+01
2.817061090469360352e+01
2.879583406448364258e+01
6.039762783050537109e+01
7.550107812881469727e+01
2.862024497985839844e+01
2.919666814804077148e+01
1.626587915420532227e+01
4.501239395141601562e+01
5.012638497352600098e+01
4.719038391113281250e+01
3.769391894340515137e+01
4.578020501136779785e+01
2.627355098724365234e+01
2.496519708633422852e+01
4.020943284034729004e+01
3.256972980499267578e+01
5.026738119125366211e+01
2.441297626495361328e+01
3.114341115951538086e+01
5.475875401496887207e+01
4.561541891098022461e+01
3.017490720748901367e+01
4.241266393661499023e+01
5.248952293395996094e+01
4.242781496047973633e+01
3.922645020484924316e+01
4.743394398689270020e+01
4.657094407081604004e+01
3.274982190132141113e+01
4.181427884101867676e+01
3.622431588172912598e+01
3.915703892707824707e+01
3.999446558952331543e+01
3.041999006271362305e+01
2.966465497016906738e+01
3.003977799415588379e+01
3.436848378181457520e+01
4.741365408897399902e+01
5.422760915756225586e+01
2.661999702453613281e+01
2.711766695976257324e+01
4.124843788146972656e+01
5.910418391227722168e+01
2.718080711364746094e+01
3.239896702766418457e+01
2.810129308700561523e+01
3.569507575035095215e+01
3.416946220397949219e+01
3.134446835517883301e+01
2.841208887100219727e+01
2.435314273834228516e+01
3.487380409240722656e+01
6.329687595367431641e+01
2.843763589859008789e+01
2.886527395248413086e+01
2.879362297058105469e+01
2.801651787757873535e+01
5.282708907127380371e+01
3.048645091056823730e+01
3.446869802474975586e+01
2.669901013374328613e+01
2.251321125030517578e+01
3.141276717185974121e+01
6.260692310333251953e+01
3.159084701538085938e+01
2.387021064758300781e+01
8.055326294898986816e+01
5.139450287818908691e+01
2.495469117164611816e+01
2.698492908477783203e+01
6.526313805580139160e+01
2.564709401130676270e+01
4.024191522598266602e+01
4.020117115974426270e+01
6.088273191452026367e+01
3.734284806251525879e+01
3.042732095718383789e+01
3.673230814933776855e+01
4.186784601211547852e+01
2.464730978012084961e+01
3.831698513031005859e+01
4.702886724472045898e+01
3.900203537940979004e+01
3.215475416183471680e+01
2.827411890029907227e+01
6.043896079063415527e+01
3.344892525672912598e+01
3.908362483978271484e+01
3.373942303657531738e+01
3.762178206443786621e+01
2.866434097290039062e+01
3.184090805053710938e+01
3.963579988479614258e+01
3.525512290000915527e+01
6.164276313781738281e+01
3.961739802360534668e+01
3.860244774818420410e+01
4.194421672821044922e+01
3.346188783645629883e+01
3.392117905616760254e+01
4.145559930801391602e+01
3.182506704330444336e+01
3.151285481452941895e+01
3.054040598869323730e+01
2.627252674102783203e+01
2.985966396331787109e+01
3.559848499298095703e+01
3.813125491142272949e+01
4.424040818214416504e+01
5.005666995048522949e+01
4.693155097961425781e+01
5.399190998077392578e+01
3.531986093521118164e+01
3.670905399322509766e+01
3.278553509712219238e+01
2.931889009475708008e+01
5.155553388595581055e+01
2.846421194076538086e+01
3.740559506416320801e+01
4.797290205955505371e+01
5.426184606552124023e+01
3.452003884315490723e+01
3.385724687576293945e+01
3.975129604339599609e+01
4.609043407440185547e+01
5.096248078346252441e+01
3.578918600082397461e+01
5.400353813171386719e+01
3.155938196182250977e+01
5.579005002975463867e+01
2.874130916595458984e+01
4.741461014747619629e+01
3.308466410636901855e+01
5.191542077064514160e+01
3.103519392013549805e+01
3.559710979461669922e+01
2.561906790733337402e+01
5.032861804962158203e+01
2.539973402023315430e+01
2.763580799102783203e+01
2.665380024909973145e+01
2.986426806449890137e+01
4.483007001876831055e+01
4.605093598365783691e+01
4.530552673339843750e+01
2.708626890182495117e+01
3.965693998336791992e+01
2.928577685356140137e+01
4.486160826683044434e+01
2.996165180206298828e+01
2.977636694908142090e+01
4.549149680137634277e+01
3.909110593795776367e+01
2.786216306686401367e+01
4.646178412437438965e+01
3.898118996620178223e+01
2.820159912109375000e+01
4.883867597579956055e+01
4.903128123283386230e+01
3.217482280731201172e+01
5.915183734893798828e+01
5.029305696487426758e+01
5.803207707405090332e+01
5.458800911903381348e+01
4.843412709236145020e+01
4.939334607124328613e+01
3.413513302803039551e+01
3.123632812500000000e+01
3.218902206420898438e+01
5.113568902015686035e+01
3.525250291824340820e+01
3.281937789916992188e+01
4.554084610939025879e+01
3.462736201286315918e+01
2.826321697235107422e+01
3.330940508842468262e+01
2.880837798118591309e+01
5.452756285667419434e+01
3.322264003753662109e+01
3.377723598480224609e+01
3.735741090774536133e+01
3.303605294227600098e+01
2.794940924644470215e+01
3.740186691284179688e+01
2.938377499580383301e+01
1.802507495880126953e+01
4.957230281829833984e+01
5.488095784187316895e+01
3.096043801307678223e+01
2.933445310592651367e+01
3.319600391387939453e+01
2.256312799453735352e+01
1.868755483627319336e+01
3.782536125183105469e+01
4.627091693878173828e+01
3.502198505401611328e+01
2.690634322166442871e+01
3.403125500679016113e+01
2.850465178489685059e+01
3.165649318695068359e+01
2.312138509750366211e+01
4.709943819046020508e+01
3.378338980674743652e+01
3.332989430427551270e+01
3.315982675552368164e+01
2.167802906036376953e+01
4.388829517364501953e+01
3.260349678993225098e+01
3.084112310409545898e+01
3.493218922615051270e+01
3.105838012695312500e+01
3.093120503425598145e+01
3.167139601707458496e+01
3.863025021553039551e+01
4.459094309806823730e+01
3.268974828720092773e+01
3.537472796440124512e+01
2.753455114364624023e+01
3.351485681533813477e+01
2.710991311073303223e+01
3.245015883445739746e+01
4.420069599151611328e+01
1.978290510177612305e+01
2.530233287811279297e+01
1.316641378402709961e+01
3.103944206237792969e+01
5.660670995712280273e+01
3.544090080261230469e+01
4.787677574157714844e+01
2.175561594963073730e+01
5.021865987777709961e+01
1.921204686164855957e+01
2.282811069488525391e+01
1.782948398590087891e+01
3.454362511634826660e+01
2.394832491874694824e+01
3.490063309669494629e+01
2.312103581428527832e+01
1.618899989128112793e+01
2.441338801383972168e+01
3.044103002548217773e+01
1.885784316062927246e+01
4.190974879264831543e+01
5.275408506393432617e+01
2.935319399833679199e+01
3.803469681739807129e+01
2.027686190605163574e+01
1.552583003044128418e+01
3.032887101173400879e+01
4.513274383544921875e+01
5.173293375968933105e+01
3.098454380035400391e+01
4.042659306526184082e+01
5.925721907615661621e+01
1.541038393974304199e+01
1.735263895988464355e+01
3.231840324401855469e+01
1.846524500846862793e+01
3.026035404205322266e+01
2.544134616851806641e+01
3.145381808280944824e+01
4.318015289306640625e+01
3.704026603698730469e+01
3.388714385032653809e+01
3.207476305961608887e+01
5.815660023689270020e+01
5.399102807044982910e+01
4.719030594825744629e+01
3.392573118209838867e+01
2.868986201286315918e+01
3.605866026878356934e+01
3.409591388702392578e+01
3.972778010368347168e+01
4.744325518608093262e+01
5.488074421882629395e+01
3.664968132972717285e+01
3.019333696365356445e+01
3.934972095489501953e+01
5.384373593330383301e+01
3.263311100006103516e+01
4.002062010765075684e+01
2.269348716735839844e+01
3.657163190841674805e+01
3.197410202026367188e+01
4.422518086433410645e+01
2.837955808639526367e+01
2.956338787078857422e+01
3.439685416221618652e+01
4.146892905235290527e+01
3.240774202346801758e+01
5.497015094757080078e+01
3.524223613739013672e+01
2.147345709800720215e+01
2.123011112213134766e+01
4.053653407096862793e+01
3.795202302932739258e+01
1.530129384994506836e+01
2.738216018676757812e+01
4.258821487426757812e+01
3.980977463722229004e+01
4.776702404022216797e+01
3.541135692596435547e+01
3.104859209060668945e+01
3.303729271888732910e+01
3.329662299156188965e+01
3.077023386955261230e+01
3.892994427680969238e+01
5.275724101066589355e+01
3.167912507057189941e+01
3.267345213890075684e+01
3.738017010688781738e+01
2.532419896125793457e+01
4.832124590873718262e+01
5.594886517524719238e+01
3.255072784423828125e+01
3.477258610725402832e+01
2.545134210586547852e+01
3.614239001274108887e+01
3.262261581420898438e+01
3.028691196441650391e+01
1.913701987266540527e+01
3.758227992057800293e+01
1.901814794540405273e+01
2.920268416404724121e+01
3.037392997741699219e+01
3.846886992454528809e+01
3.109460783004760742e+01
2.024965691566467285e+01
3.931008386611938477e+01
2.106037878990173340e+01
3.927439904212951660e+01
2.650200223922729492e+01
3.598092699050903320e+01
2.873914074897766113e+01
4.410939812660217285e+01
3.222013902664184570e+01
1.882828903198242188e+01
2.933049988746643066e+01
4.827173304557800293e+01
4.205278110504150391e+01
3.965517282485961914e+01
5.232965302467346191e+01
4.453463816642761230e+01
6.513218212127685547e+01
2.707124280929565430e+01
4.058155798912048340e+01
2.269993591308593750e+01
5.543438220024108887e+01
3.836895203590393066e+01
3.336796903610229492e+01
1.961504101753234863e+01
4.018072485923767090e+01
3.853719711303710938e+01
2.905659508705139160e+01
4.199014997482299805e+01
4.194507813453674316e+01
2.351845407485961914e+01
1.871121597290039062e+01
3.207697415351867676e+01
3.102917289733886719e+01
5.463332414627075195e+01
4.173408293724060059e+01
1.905033922195434570e+01
2.476260924339294434e+01
4.145605707168579102e+01
1.917379570007324219e+01
1.772628903388977051e+01
8.110157299041748047e+01
3.100252580642700195e+01
3.738755917549133301e+01
3.439160490036010742e+01
4.756011533737182617e+01
2.740307617187500000e+01
2.727042984962463379e+01
2.627435111999511719e+01
1.195852279663085938e+01
3.159311318397521973e+01
1.331361889839172363e+01
2.259510397911071777e+01
2.757994008064270020e+01
1.671085596084594727e+01
1.214184188842773438e+01
2.180543375015258789e+01
4.298080682754516602e+01
4.063678526878356934e+01
1.518846893310546875e+01
2.096949696540832520e+01
3.438655805587768555e+01
1.519259810447692871e+01
2.981824898719787598e+01
2.696798515319824219e+01
2.240804076194763184e+01
2.335164594650268555e+01
1.933224296569824219e+01
1.687685513496398926e+01
2.124583482742309570e+01
2.202534294128417969e+01
2.589162898063659668e+01
3.232179880142211914e+01
2.370163512229919434e+01
1.803502392768859863e+01
1.792551183700561523e+01
1.162528109550476074e+01
2.258528304100036621e+01
1.390663790702819824e+01
2.865051817893981934e+01
4.078091597557067871e+01
3.013061594963073730e+01
2.256589388847351074e+01
2.594938373565673828e+01
1.528276371955871582e+01
1.606323027610778809e+01
2.869830608367919922e+01
3.097120118141174316e+01
3.145845508575439453e+01
3.097453117370605469e+01
3.010238885879516602e+01
1.698605608940124512e+01
2.221972727775573730e+01
2.526478815078735352e+01
3.328727388381958008e+01
3.703656125068664551e+01
2.925940799713134766e+01
1.970825290679931641e+01
4.133573389053344727e+01
3.130505609512329102e+01
2.258612203598022461e+01
2.465890407562255859e+01
3.469797706604003906e+01
1.929471015930175781e+01
2.398823189735412598e+01
3.410091710090637207e+01
3.459757709503173828e+01
1.887519407272338867e+01
2.503391218185424805e+01
2.154699087142944336e+01
3.275555682182312012e+01
5.050700402259826660e+01
1.997747492790222168e+01
3.260798287391662598e+01
3.434395790100097656e+01
2.167947793006896973e+01
2.507816505432128906e+01
2.870934987068176270e+01
2.868317389488220215e+01
2.978862500190734863e+01
1.994880318641662598e+01
2.321517801284790039e+01
2.622894692420959473e+01
1.927635812759399414e+01
2.205427598953247070e+01
3.212391090393066406e+01
3.461394596099853516e+01
2.801132082939147949e+01
3.340747189521789551e+01
3.881375002861022949e+01
2.528573918342590332e+01
2.112808179855346680e+01
4.309380197525024414e+01
2.994403195381164551e+01
2.921032691001892090e+01
3.650507593154907227e+01
4.084962606430053711e+01
3.657560586929321289e+01
4.716991686820983887e+01
3.665873479843139648e+01
3.069748401641845703e+01
3.647221493721008301e+01
3.672626996040344238e+01
3.158829617500305176e+01
3.159748792648315430e+01
3.101897692680358887e+01
4.113541603088378906e+01
2.578559589385986328e+01
2.397480297088623047e+01
2.873794579505920410e+01
4.318281102180480957e+01
4.847201991081237793e+01
4.203312802314758301e+01
2.902263307571411133e+01
3.925387597084045410e+01
3.265942192077636719e+01
3.005801892280578613e+01
4.544839406013488770e+01
2.526037120819091797e+01
2.324764204025268555e+01
3.007052922248840332e+01
2.971935176849365234e+01
3.080899286270141602e+01
2.273182630538940430e+01
2.103384184837341309e+01
4.830050206184387207e+01
2.218997287750244141e+01
3.594931077957153320e+01
2.729105997085571289e+01
2.140676617622375488e+01
4.583716201782226562e+01
3.248503613471984863e+01
4.238096117973327637e+01
3.395422792434692383e+01
3.084602808952331543e+01
2.767432904243469238e+01
3.315802311897277832e+01
4.948224520683288574e+01
3.971473884582519531e+01
2.806058907508850098e+01
2.597623419761657715e+01
3.110427975654602051e+01
2.200551128387451172e+01
3.467245507240295410e+01
1.313946485519409180e+01
2.237654805183410645e+01
3.717518901824951172e+01
4.116292810440063477e+01
3.427635264396667480e+01
3.135974669456481934e+01
2.194823193550109863e+01
2.692282009124755859e+01
3.238608217239379883e+01
2.823490524291992188e+01
3.068124604225158691e+01
4.076430201530456543e+01
3.134661817550659180e+01
4.005011796951293945e+01
3.266421103477478027e+01
3.256776404380798340e+01
2.573369407653808594e+01
2.153427290916442871e+01
2.379487299919128418e+01
2.732180809974670410e+01
2.606681609153747559e+01
2.178748989105224609e+01
2.517854285240173340e+01
4.322948813438415527e+01
3.274562978744506836e+01
4.586760497093200684e+01
6.473285198211669922e+01
3.566235709190368652e+01
4.271028590202331543e+01
4.178495192527770996e+01
5.309493112564086914e+01
4.209535217285156250e+01
6.335161399841308594e+01
3.885766506195068359e+01
3.340172529220581055e+01
3.387912392616271973e+01
3.268621373176574707e+01
3.167293906211853027e+01
3.068144106864929199e+01
3.473596405982971191e+01
2.985255694389343262e+01
1.896278905868530273e+01
2.184836602210998535e+01
1.880134510993957520e+01
2.169930386543273926e+01
3.373874092102050781e+01
