2.125714826583862305e+01
1.217416501045227051e+01
2.337848901748657227e+01
1.993905210494995117e+01
1.490551233291625977e+01
2.252767419815063477e+01
1.017300772666931152e+01
1.619549489021301270e+01
2.781747674942016602e+01
3.018994879722595215e+01
3.730637693405151367e+01
2.241892814636230469e+01
3.179856204986572266e+01
3.452296280860900879e+01
3.873035907745361328e+01
1.961777687072753906e+01
4.125208187103271484e+01
1.742188501358032227e+01
4.022611403465270996e+01
2.220438098907470703e+01
2.743902897834777832e+01
2.617995214462280273e+01
3.039658594131469727e+01
2.154115986824035645e+01
3.998572587966918945e+01
2.001391887664794922e+01
2.468683314323425293e+01
1.924997568130493164e+01
2.485032892227172852e+01
2.103485107421875000e+01
3.218910408020019531e+01
2.411418008804321289e+01
4.569772005081176758e+01
2.679822373390197754e+01
2.290462112426757812e+01
2.498773193359375000e+01
2.655667304992675781e+01
2.555161190032958984e+01
2.520591497421264648e+01
2.383638906478881836e+01
2.751100707054138184e+01
3.454991793632507324e+01
4.040636301040649414e+01
2.835602998733520508e+01
2.613755488395690918e+01
2.317845582962036133e+01
3.846934509277343750e+01
1.817442202568054199e+01
2.745547890663146973e+01
2.575598120689392090e+01
4.391120100021362305e+01
2.869734597206115723e+01
3.082848215103149414e+01
1.904827308654785156e+01
4.494324016571044922e+01
3.396631193161010742e+01
4.130635404586791992e+01
1.537221693992614746e+01
3.024353218078613281e+01
3.252098989486694336e+01
3.473016381263732910e+01
3.531021904945373535e+01
3.029276204109191895e+01
4.467543411254882812e+01
4.295914983749389648e+01
3.317993497848510742e+01
2.881684684753417969e+01
3.403956818580627441e+01
1.888181114196777344e+01
2.064906311035156250e+01
2.076522183418273926e+01
2.105885314941406250e+01
2.234135222434997559e+01
3.751120018959045410e+01
2.642909479141235352e+01
2.422755789756774902e+01
3.028340101242065430e+01
4.005811810493469238e+01
2.086103606224060059e+01
3.785703086853027344e+01
2.720051312446594238e+01
3.190732502937316895e+01
3.333437418937683105e+01
2.819428801536560059e+01
3.687329173088073730e+01
2.132273983955383301e+01
4.787934398651123047e+01
4.433551311492919922e+01
2.248694300651550293e+01
2.128214097023010254e+01
4.212552499771118164e+01
4.415305233001708984e+01
3.726606774330139160e+01
3.461586904525756836e+01
2.857095623016357422e+01
2.578136515617370605e+01
5.340140008926391602e+01
2.228912901878356934e+01
3.092936611175537109e+01
2.743623399734497070e+01
2.298375201225280762e+01
2.111018633842468262e+01
4.103483700752258301e+01
2.290906906127929688e+01
1.860976982116699219e+01
5.704139304161071777e+01
3.728882813453674316e+01
4.110175108909606934e+01
2.790729522705078125e+01
2.559570717811584473e+01
4.649952006340026855e+01
3.177140212059020996e+01
3.259158325195312500e+01
5.198187088966369629e+01
2.403837895393371582e+01
3.449360585212707520e+01
3.312848901748657227e+01
3.917347097396850586e+01
2.874808025360107422e+01
3.143370318412780762e+01
3.529077410697937012e+01
4.930170321464538574e+01
2.300032496452331543e+01
3.092860507965087891e+01
2.554770469665527344e+01
4.005413985252380371e+01
3.498881983757019043e+01
4.260751008987426758e+01
3.106864094734191895e+01
3.013349819183349609e+01
2.588463783264160156e+01
4.400162005424499512e+01
3.994021511077880859e+01
3.078985810279846191e+01
2.194481182098388672e+01
4.050807905197143555e+01
4.031856083869934082e+01
4.322921299934387207e+01
2.311157417297363281e+01
3.753620290756225586e+01
4.069607019424438477e+01
2.507651305198669434e+01
2.699859189987182617e+01
5.049102115631103516e+01
3.203634381294250488e+01
2.944627308845520020e+01
3.608151125907897949e+01
3.242716693878173828e+01
3.843173885345458984e+01
2.886107897758483887e+01
4.283211207389831543e+01
4.186781787872314453e+01
3.545798587799072266e+01
3.605377411842346191e+01
4.917677807807922363e+01
4.495279216766357422e+01
5.540713810920715332e+01
3.299652504920959473e+01
2.294627785682678223e+01
3.086134004592895508e+01
3.619298791885375977e+01
2.701310491561889648e+01
3.129303598403930664e+01
3.210298275947570801e+01
2.838604593276977539e+01
3.946188116073608398e+01
7.243693995475769043e+01
3.726427292823791504e+01
3.052698993682861328e+01
3.951807594299316406e+01
2.961755394935607910e+01
1.961457896232604980e+01
3.285299730300903320e+01
3.810435414314270020e+01
2.244440698623657227e+01
3.938526511192321777e+01
4.137580990791320801e+01
3.738974118232727051e+01
3.571561098098754883e+01
3.564379596710205078e+01
3.950253725051879883e+01
2.764151692390441895e+01
2.940312767028808594e+01
2.753518891334533691e+01
1.845384502410888672e+01
3.933048820495605469e+01
2.639227795600891113e+01
3.680626511573791504e+01
4.948158001899719238e+01
2.610686898231506348e+01
4.916235089302062988e+01
2.760680198669433594e+01
3.667330574989318848e+01
2.836163043975830078e+01
3.824148392677307129e+01
5.442251324653625488e+01
3.979940009117126465e+01
3.092246484756469727e+01
2.479606819152832031e+01
2.234917497634887695e+01
3.546745800971984863e+01
4.321640014648437500e+01
4.637113523483276367e+01
2.549218678474426270e+01
2.549670720100402832e+01
5.503384780883789062e+01
4.815261721611022949e+01
2.984240579605102539e+01
4.282930707931518555e+01
3.377555203437805176e+01
4.595496988296508789e+01
2.378707623481750488e+01
4.414374184608459473e+01
2.923564910888671875e+01
4.369988703727722168e+01
1.331247997283935547e+01
2.002240681648254395e+01
4.477216982841491699e+01
2.318063020706176758e+01
6.134208798408508301e+01
2.847727584838867188e+01
6.369506478309631348e+01
1.757978391647338867e+01
2.996816992759704590e+01
2.570320200920104980e+01
2.556152606010437012e+01
2.743691921234130859e+01
1.999391484260559082e+01
3.891198515892028809e+01
1.323728108406066895e+01
3.043636894226074219e+01
2.554858493804931641e+01
2.956150984764099121e+01
4.864907217025756836e+01
3.693789005279541016e+01
2.390057635307312012e+01
3.551097536087036133e+01
4.284860205650329590e+01
3.229778409004211426e+01
2.817405962944030762e+01
3.186582088470458984e+01
2.087956094741821289e+01
3.579723691940307617e+01
3.082796883583068848e+01
2.360639405250549316e+01
3.086944794654846191e+01
3.229501914978027344e+01
2.858652496337890625e+01
4.974476480484008789e+01
3.162421202659606934e+01
4.931863927841186523e+01
3.329221701622009277e+01
3.424500989913940430e+01
2.716384220123291016e+01
3.009470582008361816e+01
4.987043499946594238e+01
4.445644712448120117e+01
3.310025191307067871e+01
1.700553703308105469e+01
2.959598803520202637e+01
2.743184471130371094e+01
3.353008580207824707e+01
1.596667504310607910e+01
4.634293889999389648e+01
1.338906717300415039e+01
1.975399088859558105e+01
2.118626379966735840e+01
2.621423816680908203e+01
4.854270315170288086e+01
1.886583185195922852e+01
2.764467501640319824e+01
2.055439805984497070e+01
1.994930195808410645e+01
2.252557706832885742e+01
4.148187708854675293e+01
2.175930595397949219e+01
2.471237468719482422e+01
2.513303899765014648e+01
3.177332830429077148e+01
3.305987000465393066e+01
3.679647397994995117e+01
4.391584992408752441e+01
2.689194869995117188e+01
2.671261382102966309e+01
2.449274325370788574e+01
3.033356213569641113e+01
2.737324309349060059e+01
2.689397120475769043e+01
2.094000101089477539e+01
2.053801488876342773e+01
4.581101393699645996e+01
3.071205902099609375e+01
2.533671903610229492e+01
2.983941388130187988e+01
3.418622493743896484e+01
2.990333819389343262e+01
2.850411081314086914e+01
2.961278414726257324e+01
1.964513039588928223e+01
2.298153305053710938e+01
4.147471404075622559e+01
2.997615003585815430e+01
4.633172202110290527e+01
2.813321113586425781e+01
3.179089999198913574e+01
2.251276111602783203e+01
3.979541087150573730e+01
2.698388981819152832e+01
4.937876510620117188e+01
2.335274314880371094e+01
2.626197218894958496e+01
2.808131313323974609e+01
3.166441392898559570e+01
4.047056913375854492e+01
3.595179915428161621e+01
2.227107906341552734e+01
3.759578871726989746e+01
3.544792985916137695e+01
2.910547113418579102e+01
3.517794203758239746e+01
5.941514015197753906e+01
2.450425791740417480e+01
3.838394975662231445e+01
2.506370830535888672e+01
5.744891810417175293e+01
3.980636596679687500e+01
5.214466595649719238e+01
3.294115805625915527e+01
3.354793024063110352e+01
4.415353393554687500e+01
4.595150399208068848e+01
5.800900292396545410e+01
2.416112804412841797e+01
3.970007205009460449e+01
1.722824001312255859e+01
3.970052099227905273e+01
3.120208406448364258e+01
3.611418604850769043e+01
2.995045995712280273e+01
3.239819788932800293e+01
2.849670124053955078e+01
4.765261006355285645e+01
4.369366669654846191e+01
2.330403995513916016e+01
3.897743010520935059e+01
2.947916316986083984e+01
4.318379688262939453e+01
3.011737084388732910e+01
3.311592388153076172e+01
4.482219696044921875e+01
3.832209420204162598e+01
3.618234586715698242e+01
2.144029998779296875e+01
3.481484699249267578e+01
3.006627607345581055e+01
5.742340517044067383e+01
3.561103701591491699e+01
3.662404036521911621e+01
4.010091090202331543e+01
3.237464189529418945e+01
3.786602520942687988e+01
3.503180003166198730e+01
2.817474102973937988e+01
4.189189791679382324e+01
4.048910903930664062e+01
3.167656707763671875e+01
3.222204494476318359e+01
5.255240511894226074e+01
3.589092111587524414e+01
3.789127707481384277e+01
3.516322493553161621e+01
6.356806302070617676e+01
2.371417689323425293e+01
4.730437397956848145e+01
3.184968924522399902e+01
3.933879280090332031e+01
4.591096329689025879e+01
2.696788716316223145e+01
2.604635310173034668e+01
2.653209185600280762e+01
4.344720697402954102e+01
2.988396716117858887e+01
2.676221895217895508e+01
3.604387998580932617e+01
3.517081975936889648e+01
2.644725823402404785e+01
3.431777405738830566e+01
5.621301102638244629e+01
3.716525292396545410e+01
3.123204588890075684e+01
2.605934190750122070e+01
3.600125384330749512e+01
3.099193978309631348e+01
3.850524687767028809e+01
3.634955406188964844e+01
3.840345096588134766e+01
5.248616504669189453e+01
3.046178412437438965e+01
3.556787896156311035e+01
2.521251797676086426e+01
4.387023520469665527e+01
3.557382702827453613e+01
2.380974388122558594e+01
4.424626827239990234e+01
3.480212473869323730e+01
2.010236692428588867e+01
2.321302103996276855e+01
3.537829518318176270e+01
2.893448114395141602e+01
4.038340806961059570e+01
2.629832386970520020e+01
5.611154818534851074e+01
4.687005114555358887e+01
4.722138309478759766e+01
3.435415506362915039e+01
6.322320389747619629e+01
1.555139684677124023e+01
2.380083417892456055e+01
3.142761802673339844e+01
4.518001484870910645e+01
4.526209473609924316e+01
2.940692901611328125e+01
3.764141893386840820e+01
3.548693394660949707e+01
2.727047896385192871e+01
6.364338612556457520e+01
3.940267181396484375e+01
3.345086789131164551e+01
4.410991120338439941e+01
4.705540990829467773e+01
4.162458014488220215e+01
5.370567989349365234e+01
2.905654025077819824e+01
4.374349689483642578e+01
3.855852794647216797e+01
5.038532304763793945e+01
5.999819707870483398e+01
2.546243000030517578e+01
3.141756606101989746e+01
3.396345496177673340e+01
4.271062302589416504e+01
5.302803301811218262e+01
3.226872897148132324e+01
2.369017481803894043e+01
3.610077810287475586e+01
4.095829415321350098e+01
4.099654603004455566e+01
3.888745498657226562e+01
2.974940705299377441e+01
2.667893886566162109e+01
2.911487507820129395e+01
3.454816985130310059e+01
3.707680892944335938e+01
6.732973313331604004e+01
3.943034529685974121e+01
4.102205896377563477e+01
1.931430411338806152e+01
2.688147616386413574e+01
2.763420081138610840e+01
3.493586802482604980e+01
2.350215888023376465e+01
3.538960194587707520e+01
5.008442115783691406e+01
2.704444289207458496e+01
4.203578805923461914e+01
2.983691406250000000e+01
1.825917315483093262e+01
2.367971992492675781e+01
3.735805487632751465e+01
5.941073203086853027e+01
2.536540293693542480e+01
5.974877214431762695e+01
4.117911982536315918e+01
2.538823485374450684e+01
5.589226174354553223e+01
1.756839919090270996e+01
3.171493506431579590e+01
2.353365731239318848e+01
4.533404994010925293e+01
4.111667823791503906e+01
3.697996497154235840e+01
4.321102118492126465e+01
3.865954709053039551e+01
3.979818606376647949e+01
3.088330197334289551e+01
4.206476998329162598e+01
2.136269164085388184e+01
3.232708001136779785e+01
1.614148306846618652e+01
2.967115020751953125e+01
5.480895900726318359e+01
3.013575911521911621e+01
3.361469697952270508e+01
2.772622799873352051e+01
3.186854004859924316e+01
3.111269617080688477e+01
2.824272489547729492e+01
3.487696909904479980e+01
4.714018988609313965e+01
4.712833929061889648e+01
3.133090734481811523e+01
2.368881988525390625e+01
3.300914573669433594e+01
4.858020138740539551e+01
5.087770199775695801e+01
3.858023285865783691e+01
4.487036180496215820e+01
6.549946689605712891e+01
3.857584571838378906e+01
2.339453482627868652e+01
3.478595495223999023e+01
3.296138310432434082e+01
2.761409807205200195e+01
3.798371672630310059e+01
3.399069786071777344e+01
4.817549777030944824e+01
3.077626085281372070e+01
1.287574291229248047e+01
3.786046814918518066e+01
4.082317781448364258e+01
1.980500698089599609e+01
4.717440390586853027e+01
2.481106305122375488e+01
1.210776424407958984e+01
1.922867298126220703e+01
2.339971995353698730e+01
2.451408672332763672e+01
2.350680088996887207e+01
3.723225498199462891e+01
3.736796808242797852e+01
3.943312287330627441e+01
1.737513875961303711e+01
5.368840885162353516e+01
3.077934789657592773e+01
4.298063707351684570e+01
5.103653788566589355e+01
3.929035592079162598e+01
3.765240287780761719e+01
2.935216999053955078e+01
1.297496008872985840e+01
2.712504601478576660e+01
5.800336074829101562e+01
6.370045089721679688e+01
2.422151088714599609e+01
3.143023586273193359e+01
3.903685832023620605e+01
2.940637087821960449e+01
4.113421583175659180e+01
3.024415326118469238e+01
3.070848011970520020e+01
1.645226597785949707e+01
3.426951885223388672e+01
2.825430512428283691e+01
4.496402502059936523e+01
3.857852077484130859e+01
2.498896193504333496e+01
4.726846599578857422e+01
2.738774466514587402e+01
2.792769217491149902e+01
2.599787688255310059e+01
3.122360706329345703e+01
4.406580710411071777e+01
2.778083205223083496e+01
2.897107505798339844e+01
1.510145401954650879e+01
1.679627275466918945e+01
4.524810600280761719e+01
1.942189288139343262e+01
4.162573409080505371e+01
4.099429297447204590e+01
3.076318693161010742e+01
3.404804229736328125e+01
2.440290498733520508e+01
2.099494314193725586e+01
5.921799111366271973e+01
3.004738903045654297e+01
3.240579891204833984e+01
1.829417014122009277e+01
4.457628893852233887e+01
2.057762598991394043e+01
3.437616991996765137e+01
3.206417989730834961e+01
3.022143602371215820e+01
4.519095611572265625e+01
3.994043707847595215e+01
3.176151013374328613e+01
2.262160921096801758e+01
2.498008394241333008e+01
4.483112287521362305e+01
4.184942102432250977e+01
3.711222195625305176e+01
3.505016613006591797e+01
3.406879901885986328e+01
3.812158703804016113e+01
3.720992398262023926e+01
3.582373094558715820e+01
2.571244788169860840e+01
4.803495287895202637e+01
3.134157729148864746e+01
3.258397507667541504e+01
5.536152982711791992e+01
3.499749183654785156e+01
2.122139692306518555e+01
3.108726501464843750e+01
2.230323290824890137e+01
3.624291682243347168e+01
2.425187802314758301e+01
1.870784735679626465e+01
3.216564202308654785e+01
4.425713896751403809e+01
2.768860602378845215e+01
2.257504892349243164e+01
4.597774004936218262e+01
4.529181694984436035e+01
3.880712890625000000e+01
3.867244791984558105e+01
3.669253396987915039e+01
3.179805326461791992e+01
2.841861486434936523e+01
3.218129611015319824e+01
2.440027165412902832e+01
4.490926003456115723e+01
3.000648999214172363e+01
2.420128679275512695e+01
2.778950500488281250e+01
3.587905502319335938e+01
5.083846402168273926e+01
4.193223690986633301e+01
3.729680705070495605e+01
3.324083518981933594e+01
3.331627202033996582e+01
3.354607224464416504e+01
3.256701803207397461e+01
2.062658786773681641e+01
3.019583487510681152e+01
3.391551494598388672e+01
4.171391677856445312e+01
4.859786391258239746e+01
3.036581015586853027e+01
4.505634212493896484e+01
2.748456716537475586e+01
3.560830116271972656e+01
4.260416102409362793e+01
2.195053076744079590e+01
2.766606116294860840e+01
4.647628331184387207e+01
1.739689302444458008e+01
4.445847201347351074e+01
4.602399110794067383e+01
5.361817884445190430e+01
4.016941380500793457e+01
4.107484173774719238e+01
3.903610301017761230e+01
2.186213612556457520e+01
2.553913187980651855e+01
4.375605297088623047e+01
4.784557890892028809e+01
3.110376095771789551e+01
3.186317992210388184e+01
3.726023983955383301e+01
2.758820104598999023e+01
3.349590706825256348e+01
7.402189373970031738e+01
3.379281210899353027e+01
3.254876422882080078e+01
4.637427711486816406e+01
5.211760997772216797e+01
4.642856979370117188e+01
3.527171897888183594e+01
4.494053101539611816e+01
4.563168621063232422e+01
4.765247225761413574e+01
3.549739503860473633e+01
4.088454818725585938e+01
2.846061515808105469e+01
4.682745218276977539e+01
7.017412996292114258e+01
4.830390810966491699e+01
3.824312400817871094e+01
3.990084505081176758e+01
5.043966102600097656e+01
2.129794096946716309e+01
4.136200094223022461e+01
4.114180612564086914e+01
4.135740804672241211e+01
5.665645813941955566e+01
2.976129388809204102e+01
5.289078307151794434e+01
5.650651288032531738e+01
3.165794515609741211e+01
3.138733911514282227e+01
5.318900394439697266e+01
2.493421673774719238e+01
2.063857579231262207e+01
3.121184492111206055e+01
2.733566093444824219e+01
3.126959991455078125e+01
3.623957395553588867e+01
2.985792422294616699e+01
3.037985897064208984e+01
2.113631200790405273e+01
2.163550901412963867e+01
3.259328007698059082e+01
5.658409118652343750e+01
2.169799685478210449e+01
3.543472480773925781e+01
3.810301184654235840e+01
4.201392102241516113e+01
3.385348701477050781e+01
1.823985099792480469e+01
2.683326911926269531e+01
6.826003098487854004e+01
3.423198103904724121e+01
4.147632908821105957e+01
6.192794895172119141e+01
1.792494416236877441e+01
3.037603712081909180e+01
3.613146090507507324e+01
3.815206694602966309e+01
3.119396710395812988e+01
4.634775781631469727e+01
2.352140426635742188e+01
2.720596003532409668e+01
4.675177407264709473e+01
4.173618292808532715e+01
2.461360502243041992e+01
2.646698808670043945e+01
4.149175906181335449e+01
3.754235601425170898e+01
2.670045804977416992e+01
4.658861398696899414e+01
2.623528194427490234e+01
3.371898388862609863e+01
3.694623780250549316e+01
3.867170000076293945e+01
4.458733534812927246e+01
3.929942107200622559e+01
3.230833792686462402e+01
3.178416991233825684e+01
3.633947706222534180e+01
3.331148624420166016e+01
3.633513212203979492e+01
3.835178184509277344e+01
4.029891109466552734e+01
2.859628009796142578e+01
4.533755898475646973e+01
3.055714464187622070e+01
2.860695695877075195e+01
2.867584800720214844e+01
5.057841277122497559e+01
3.364150023460388184e+01
2.843179798126220703e+01
4.275969600677490234e+01
3.165118408203125000e+01
4.154539513587951660e+01
3.023696994781494141e+01
3.739260077476501465e+01
3.658454012870788574e+01
4.090166497230529785e+01
3.053868603706359863e+01
3.019586300849914551e+01
4.203707289695739746e+01
2.363813710212707520e+01
3.056477308273315430e+01
4.143629002571105957e+01
4.148972582817077637e+01
4.322432875633239746e+01
3.556719589233398438e+01
2.794435024261474609e+01
3.525687122344970703e+01
2.741912698745727539e+01
5.355144882202148438e+01
4.474682307243347168e+01
4.821875476837158203e+01
3.247012782096862793e+01
3.562450599670410156e+01
3.281511974334716797e+01
4.798821091651916504e+01
4.354249477386474609e+01
5.221907305717468262e+01
5.052168321609497070e+01
3.420352697372436523e+01
4.417770338058471680e+01
3.818915295600891113e+01
3.611145091056823730e+01
2.501433515548706055e+01
3.347792625427246094e+01
1.636615300178527832e+01
5.192115998268127441e+01
2.178582096099853516e+01
3.847036385536193848e+01
3.444433879852294922e+01
3.148354005813598633e+01
3.039275312423706055e+01
4.892408585548400879e+01
4.065788483619689941e+01
4.267694902420043945e+01
2.415481805801391602e+01
5.296542096138000488e+01
6.132091188430786133e+01
4.549406194686889648e+01
2.635928297042846680e+01
2.505366992950439453e+01
3.889344787597656250e+01
2.650530624389648438e+01
4.201198911666870117e+01
3.604321694374084473e+01
5.018668508529663086e+01
3.415434503555297852e+01
2.319810795783996582e+01
2.816384005546569824e+01
5.380161380767822266e+01
3.873423504829406738e+01
4.180183219909667969e+01
3.958879280090332031e+01
3.469799494743347168e+01
3.147354793548583984e+01
4.197107720375061035e+01
4.394874405860900879e+01
3.950402808189392090e+01
2.621802496910095215e+01
3.780108404159545898e+01
2.513271808624267578e+01
4.004023504257202148e+01
3.049823474884033203e+01
3.589653134346008301e+01
5.773751616477966309e+01
2.988083505630493164e+01
3.937715888023376465e+01
3.510873889923095703e+01
4.293792510032653809e+01
3.843784880638122559e+01
2.379165792465209961e+01
2.739777207374572754e+01
3.698277306556701660e+01
2.057088422775268555e+01
3.776273727416992188e+01
4.386956715583801270e+01
3.899967622756958008e+01
2.750929713249206543e+01
4.004687213897705078e+01
5.266833829879760742e+01
4.019351816177368164e+01
3.899562001228332520e+01
3.955224180221557617e+01
4.297765398025512695e+01
3.775699710845947266e+01
3.245900487899780273e+01
3.716370582580566406e+01
4.023617005348205566e+01
2.935704517364501953e+01
3.915681099891662598e+01
2.838902807235717773e+01
4.376285958290100098e+01
3.489807796478271484e+01
3.908861899375915527e+01
3.558691310882568359e+01
3.092802882194519043e+01
2.935242700576782227e+01
4.242000484466552734e+01
5.834261798858642578e+01
4.660231995582580566e+01
3.897154211997985840e+01
2.952599096298217773e+01
4.394380998611450195e+01
3.640587878227233887e+01
3.930610013008117676e+01
5.203047299385070801e+01
3.664832210540771484e+01
4.019338917732238770e+01
4.589594602584838867e+01
3.903238725662231445e+01
2.919405889511108398e+01
3.636490893363952637e+01
2.105015134811401367e+01
4.267089676856994629e+01
3.416794514656066895e+01
2.343208885192871094e+01
3.374581909179687500e+01
3.108940291404724121e+01
3.068890118598937988e+01
4.175978803634643555e+01
3.862067198753356934e+01
4.328979492187500000e+01
5.332495689392089844e+01
3.383621191978454590e+01
1.669823908805847168e+01
2.672154116630554199e+01
3.457434582710266113e+01
2.098512697219848633e+01
2.068677020072937012e+01
2.612013792991638184e+01
4.457813811302185059e+01
1.122251296043395996e+01
5.100295901298522949e+01
1.635798597335815430e+01
2.765012598037719727e+01
2.056730914115905762e+01
3.875555706024169922e+01
3.152113103866577148e+01
2.868667411804199219e+01
1.555554795265197754e+01
2.712917184829711914e+01
1.883211112022399902e+01
2.034486079216003418e+01
2.904701304435729980e+01
2.563871884346008301e+01
5.001343584060668945e+01
1.280510210990905762e+01
3.605036592483520508e+01
4.502416062355041504e+01
2.746205997467041016e+01
3.427162218093872070e+01
3.794853782653808594e+01
2.771706604957580566e+01
3.874843907356262207e+01
2.761166071891784668e+01
4.444944500923156738e+01
2.147387385368347168e+01
2.270176577568054199e+01
3.293201494216918945e+01
2.927348399162292480e+01
2.946822381019592285e+01
1.947751498222351074e+01
3.020336794853210449e+01
4.748671007156372070e+01
1.849112081527709961e+01
1.603680610656738281e+01
2.450975489616394043e+01
3.069441699981689453e+01
3.992289900779724121e+01
2.567986893653869629e+01
5.234981203079223633e+01
2.385913324356079102e+01
3.088471078872680664e+01
5.035155105590820312e+01
2.365523481369018555e+01
3.640363907814025879e+01
2.027761983871459961e+01
5.158308792114257812e+01
1.435991883277893066e+01
3.012637305259704590e+01
2.737453103065490723e+01
1.288233590126037598e+01
1.939818525314331055e+01
3.318021297454833984e+01
2.681855797767639160e+01
2.375366497039794922e+01
2.210589909553527832e+01
2.413182973861694336e+01
3.734132719039916992e+01
1.843650507926940918e+01
2.932214379310607910e+01
2.308303189277648926e+01
5.304238700866699219e+01
2.604461073875427246e+01
2.372284412384033203e+01
3.905899286270141602e+01
2.810376787185668945e+01
3.206516194343566895e+01
3.255099678039550781e+01
1.871430826187133789e+01
2.422498011589050293e+01
2.992898082733154297e+01
1.340046405792236328e+01
2.613004302978515625e+01
2.384809088706970215e+01
4.456038594245910645e+01
2.554688906669616699e+01
2.683209395408630371e+01
4.226556110382080078e+01
3.307105803489685059e+01
3.584201407432556152e+01
2.673867487907409668e+01
4.609896874427795410e+01
3.258092021942138672e+01
4.008034205436706543e+01
2.337927699089050293e+01
2.498561406135559082e+01
2.715954995155334473e+01
2.708837008476257324e+01
4.721998691558837891e+01
2.027653408050537109e+01
3.362962794303894043e+01
4.380300998687744141e+01
5.182199501991271973e+01
5.156456995010375977e+01
2.917089819908142090e+01
4.320071506500244141e+01
4.495625710487365723e+01
3.893182015419006348e+01
4.083763098716735840e+01
3.376128602027893066e+01
1.668603610992431641e+01
1.816106390953063965e+01
2.941859006881713867e+01
3.659536004066467285e+01
4.368498897552490234e+01
3.688579893112182617e+01
3.953776311874389648e+01
3.036438775062561035e+01
2.704352092742919922e+01
3.092851567268371582e+01
3.268751406669616699e+01
3.884889698028564453e+01
2.741763210296630859e+01
3.619952416419982910e+01
2.528115510940551758e+01
3.682631087303161621e+01
3.543711209297180176e+01
3.735897994041442871e+01
3.112655210494995117e+01
2.650545477867126465e+01
4.562233591079711914e+01
1.762137508392333984e+01
3.192676305770874023e+01
3.819888401031494141e+01
2.048769187927246094e+01
4.195382809638977051e+01
3.184204530715942383e+01
3.639065599441528320e+01
2.736331200599670410e+01
2.639517092704772949e+01
2.197707295417785645e+01
3.065697932243347168e+01
3.206939697265625000e+01
2.881275963783264160e+01
6.905567193031311035e+01
3.648439192771911621e+01
4.454657292366027832e+01
2.321831560134887695e+01
5.062212014198303223e+01
4.009360504150390625e+01
4.017993235588073730e+01
3.551812410354614258e+01
4.465960884094238281e+01
3.515422272682189941e+01
3.568335008621215820e+01
2.286166214942932129e+01
2.329344105720520020e+01
3.106641364097595215e+01
1.463691782951354980e+01
2.601355409622192383e+01
3.378110313415527344e+01
1.562453293800354004e+01
4.933066797256469727e+01
1.608578920364379883e+01
2.352342724800109863e+01
3.366577005386352539e+01
3.156015706062316895e+01
4.484952616691589355e+01
3.677007603645324707e+01
2.061831688880920410e+01
5.120194792747497559e+01
2.957397985458374023e+01
3.221761584281921387e+01
2.987889003753662109e+01
1.209498882293701172e+01
3.176580095291137695e+01
1.697577118873596191e+01
3.930764985084533691e+01
2.412925577163696289e+01
2.187738490104675293e+01
1.822664999961853027e+01
2.810582208633422852e+01
2.750332283973693848e+01
3.395186305046081543e+01
3.336947989463806152e+01
2.300698804855346680e+01
3.177371716499328613e+01
2.771738219261169434e+01
3.490242195129394531e+01
3.863245916366577148e+01
3.523143982887268066e+01
4.095311594009399414e+01
2.335274291038513184e+01
3.206880807876586914e+01
3.095696687698364258e+01
1.901510620117187500e+01
3.532159185409545898e+01
2.812540102005004883e+01
2.899132990837097168e+01
4.023516225814819336e+01
2.017249464988708496e+01
3.655889892578125000e+01
2.631723785400390625e+01
2.744287943840026855e+01
2.882497692108154297e+01
4.232630586624145508e+01
1.970685696601867676e+01
2.409066486358642578e+01
2.537348604202270508e+01
2.763452601432800293e+01
3.263966894149780273e+01
3.445508909225463867e+01
3.773637509346008301e+01
4.290737199783325195e+01
2.498265385627746582e+01
3.403644919395446777e+01
3.436943912506103516e+01
2.123639416694641113e+01
3.656031298637390137e+01
2.310158729553222656e+01
4.241243004798889160e+01
3.068931794166564941e+01
3.506995987892150879e+01
3.376024985313415527e+01
2.736839103698730469e+01
2.489533209800720215e+01
2.428753304481506348e+01
3.637864875793457031e+01
3.685021710395812988e+01
3.026062083244323730e+01
3.339457511901855469e+01
3.635546803474426270e+01
2.618728399276733398e+01
2.582662820816040039e+01
3.402295470237731934e+01
4.033927011489868164e+01
2.353884482383728027e+01
2.430924797058105469e+01
1.944122815132141113e+01
3.947017717361450195e+01
2.214281082153320312e+01
2.544696593284606934e+01
2.648191022872924805e+01
2.682410407066345215e+01
2.204915308952331543e+01
3.836698913574218750e+01
3.049564099311828613e+01
2.355378198623657227e+01
2.134124422073364258e+01
3.607700729370117188e+01
3.343917512893676758e+01
3.698704409599304199e+01
3.074650406837463379e+01
2.579418492317199707e+01
2.819545602798461914e+01
3.524373769760131836e+01
3.552647900581359863e+01
2.702021622657775879e+01
1.876096701622009277e+01
2.672732305526733398e+01
2.680282402038574219e+01
2.019816303253173828e+01
2.732903409004211426e+01
2.445263600349426270e+01
3.855347990989685059e+01
2.035235714912414551e+01
2.371975016593933105e+01
2.356153607368469238e+01
3.163346695899963379e+01
2.731317591667175293e+01
4.141919207572937012e+01
3.825892210006713867e+01
2.002593708038330078e+01
2.741749024391174316e+01
2.473852801322937012e+01
2.491034698486328125e+01
4.144317698478698730e+01
2.304945206642150879e+01
3.210657596588134766e+01
2.018989276885986328e+01
1.385227799415588379e+01
2.411524105072021484e+01
4.240831398963928223e+01
3.025336503982543945e+01
3.910441708564758301e+01
2.481205296516418457e+01
2.382545781135559082e+01
4.074267101287841797e+01
4.595777797698974609e+01
2.266071772575378418e+01
2.748232412338256836e+01
2.543582797050476074e+01
2.315516805648803711e+01
2.796584081649780273e+01
3.507732915878295898e+01
2.598190999031066895e+01
4.867379307746887207e+01
2.611020994186401367e+01
4.400703406333923340e+01
4.805276322364807129e+01
4.300735521316528320e+01
3.588234496116638184e+01
2.321261405944824219e+01
3.933506679534912109e+01
2.199770092964172363e+01
4.419525694847106934e+01
4.357447981834411621e+01
2.123209190368652344e+01
1.575939297676086426e+01
3.261589074134826660e+01
4.392445182800292969e+01
2.521968817710876465e+01
2.915853500366210938e+01
4.080780792236328125e+01
2.488682103157043457e+01
2.455674672126770020e+01
3.485462999343872070e+01
3.631178808212280273e+01
2.469507098197937012e+01
3.873061680793762207e+01
2.641398811340332031e+01
2.759879398345947266e+01
4.132612586021423340e+01
2.083993101119995117e+01
2.973018097877502441e+01
2.885479116439819336e+01
2.670240783691406250e+01
3.012140703201293945e+01
3.223167896270751953e+01
3.802503514289855957e+01
3.150367093086242676e+01
2.751437711715698242e+01
3.077767515182495117e+01
4.351116013526916504e+01
3.066613888740539551e+01
1.907133793830871582e+01
3.245872712135314941e+01
2.349343013763427734e+01
3.084896993637084961e+01
3.007781004905700684e+01
2.889780616760253906e+01
2.916995501518249512e+01
3.265850687026977539e+01
2.371111392974853516e+01
2.602598190307617188e+01
3.389288592338562012e+01
3.500621485710144043e+01
2.246419477462768555e+01
3.316916394233703613e+01
3.332314419746398926e+01
4.362197494506835938e+01
3.158018183708190918e+01
2.810039520263671875e+01
3.407054877281188965e+01
3.285190224647521973e+01
3.495036411285400391e+01
3.009554004669189453e+01
1.624707722663879395e+01
4.728145289421081543e+01
3.870946884155273438e+01
1.993031501770019531e+01
2.385206294059753418e+01
2.167096495628356934e+01
2.323599910736083984e+01
3.063008069992065430e+01
3.665699505805969238e+01
5.065998101234436035e+01
2.026782894134521484e+01
1.480818486213684082e+01
4.630881595611572266e+01
3.013255429267883301e+01
3.537416696548461914e+01
2.899925923347473145e+01
3.661991286277770996e+01
3.774723005294799805e+01
4.455518364906311035e+01
2.829720926284790039e+01
4.204134798049926758e+01
4.286722397804260254e+01
3.615188193321228027e+01
2.659290099143981934e+01
2.573384094238281250e+01
2.734670805931091309e+01
4.599123096466064453e+01
2.680792498588562012e+01
2.206324315071105957e+01
2.957200884819030762e+01
2.316711425781250000e+01
2.632192111015319824e+01
2.661920285224914551e+01
2.920909595489501953e+01
2.507678699493408203e+01
1.536117982864379883e+01
5.801307702064514160e+01
1.953902983665466309e+01
4.019972109794616699e+01
2.745382380485534668e+01
7.482473087310791016e+01
3.355436086654663086e+01
2.545755290985107422e+01
4.022049593925476074e+01
1.442529916763305664e+01
2.737469005584716797e+01
2.755381035804748535e+01
2.395256495475769043e+01
3.159645390510559082e+01
4.389059090614318848e+01
3.836109018325805664e+01
3.305458617210388184e+01
2.127580213546752930e+01
2.428946995735168457e+01
2.915437722206115723e+01
3.135649204254150391e+01
3.205359482765197754e+01
4.003653502464294434e+01
1.989850521087646484e+01
2.590010595321655273e+01
3.116157078742980957e+01
2.043346405029296875e+01
3.045785212516784668e+01
1.632854604721069336e+01
1.731747603416442871e+01
1.874882888793945312e+01
2.440899705886840820e+01
1.974003314971923828e+01
1.765693092346191406e+01
4.006455183029174805e+01
3.418494224548339844e+01
2.379928779602050781e+01
2.335020112991333008e+01
3.075947713851928711e+01
1.503986096382141113e+01
2.172732710838317871e+01
3.051447892189025879e+01
4.530285382270812988e+01
2.880255103111267090e+01
1.945371484756469727e+01
2.195841383934020996e+01
1.796664285659790039e+01
3.189566016197204590e+01
1.795300602912902832e+01
1.940730094909667969e+01
2.197976875305175781e+01
2.432209086418151855e+01
2.201016712188720703e+01
3.523186016082763672e+01
2.039816594123840332e+01
3.073552203178405762e+01
3.275691914558410645e+01
4.649860692024230957e+01
2.422675085067749023e+01
2.312251019477844238e+01
2.303230309486389160e+01
3.144250798225402832e+01
2.658844399452209473e+01
2.115332698822021484e+01
2.471709203720092773e+01
1.852165198326110840e+01
2.550092911720275879e+01
4.359275913238525391e+01
3.425551390647888184e+01
2.215553712844848633e+01
3.264736509323120117e+01
3.183430624008178711e+01
2.104501032829284668e+01
2.921709704399108887e+01
1.924047684669494629e+01
2.683205199241638184e+01
3.829605388641357422e+01
2.466197323799133301e+01
3.094475173950195312e+01
4.631202769279479980e+01
2.251697587966918945e+01
3.791341805458068848e+01
2.643691611289978027e+01
2.170664310455322266e+01
4.568567204475402832e+01
2.572227311134338379e+01
5.106152081489562988e+01
2.474148702621459961e+01
2.552020907402038574e+01
4.393482422828674316e+01
2.536903095245361328e+01
2.656043505668640137e+01
3.360450625419616699e+01
3.266621303558349609e+01
3.132879590988159180e+01
3.817985367774963379e+01
3.669737696647644043e+01
3.545775604248046875e+01
4.226897692680358887e+01
4.140503096580505371e+01
3.063082075119018555e+01
2.619520115852355957e+01
4.044626307487487793e+01
3.516055011749267578e+01
3.278171086311340332e+01
4.422567701339721680e+01
3.195021820068359375e+01
1.316904997825622559e+01
2.326796793937683105e+01
3.888690924644470215e+01
4.458501911163330078e+01
3.615141797065734863e+01
4.571428894996643066e+01
3.263167905807495117e+01
3.476082897186279297e+01
3.798035597801208496e+01
2.842375898361206055e+01
3.180410170555114746e+01
4.069264197349548340e+01
1.756864166259765625e+01
2.352200508117675781e+01
3.739998984336853027e+01
4.499030017852783203e+01
4.810077404975891113e+01
2.206644105911254883e+01
3.240881204605102539e+01
3.090077495574951172e+01
1.722118401527404785e+01
3.552381229400634766e+01
1.930432701110839844e+01
2.977412414550781250e+01
3.188712191581726074e+01
3.639406299591064453e+01
2.055281424522399902e+01
3.276074409484863281e+01
2.329580688476562500e+01
2.918977212905883789e+01
4.203632402420043945e+01
2.755842494964599609e+01
2.783533716201782227e+01
4.826166224479675293e+01
2.207058596611022949e+01
3.898762106895446777e+01
3.889330482482910156e+01
4.133908081054687500e+01
3.769696187973022461e+01
3.242482471466064453e+01
1.732786679267883301e+01
1.797215199470520020e+01
3.801787018775939941e+01
5.184428405761718750e+01
2.496351790428161621e+01
3.669802474975585938e+01
4.169152688980102539e+01
2.890335607528686523e+01
2.535497379302978516e+01
3.140607094764709473e+01
2.080139684677124023e+01
4.492134809494018555e+01
2.338036203384399414e+01
4.655653405189514160e+01
3.381495976448059082e+01
3.552804589271545410e+01
1.904293680191040039e+01
2.228698110580444336e+01
4.407731389999389648e+01
3.652541518211364746e+01
2.022994303703308105e+01
3.654334998130798340e+01
3.929336023330688477e+01
3.654622101783752441e+01
3.009558677673339844e+01
3.692788243293762207e+01
3.671973991394042969e+01
2.292326307296752930e+01
2.206202173233032227e+01
1.797831392288208008e+01
3.830683708190917969e+01
2.502493214607238770e+01
2.447777724266052246e+01
4.194910526275634766e+01
3.746162891387939453e+01
4.062760901451110840e+01
2.586450481414794922e+01
4.878555011749267578e+01
4.819318723678588867e+01
2.677094101905822754e+01
2.456379389762878418e+01
4.126113724708557129e+01
3.513459300994873047e+01
4.686113929748535156e+01
4.192828488349914551e+01
1.652693510055541992e+01
3.951940417289733887e+01
4.705900740623474121e+01
4.937792992591857910e+01
2.420894789695739746e+01
2.990820312500000000e+01
2.867201113700866699e+01
3.823022127151489258e+01
2.552088809013366699e+01
4.306546688079833984e+01
4.078445005416870117e+01
2.775830817222595215e+01
3.824394702911376953e+01
2.688771820068359375e+01
2.994962120056152344e+01
2.799022102355957031e+01
5.271689915657043457e+01
3.766996622085571289e+01
5.720940327644348145e+01
3.528992795944213867e+01
3.491889810562133789e+01
4.367357230186462402e+01
3.794579195976257324e+01
2.950242471694946289e+01
2.824576592445373535e+01
3.254810523986816406e+01
2.995476198196411133e+01
3.695461726188659668e+01
4.379285597801208496e+01
3.470918393135070801e+01
3.062538814544677734e+01
3.262036180496215820e+01
2.876736426353454590e+01
3.229299378395080566e+01
3.422508478164672852e+01
2.437206697463989258e+01
4.484063196182250977e+01
5.197342729568481445e+01
2.927221202850341797e+01
4.277575898170471191e+01
2.737003302574157715e+01
2.883174896240234375e+01
1.591758608818054199e+01
3.563205814361572266e+01
4.624612903594970703e+01
3.113484692573547363e+01
3.049699401855468750e+01
5.460124301910400391e+01
1.629515910148620605e+01
2.391163396835327148e+01
3.153783798217773438e+01
4.413124680519104004e+01
3.472856497764587402e+01
3.371637701988220215e+01
3.407651686668395996e+01
1.726255083084106445e+01
4.616673398017883301e+01
3.720813369750976562e+01
2.757483386993408203e+01
4.755401301383972168e+01
3.386098098754882812e+01
5.810392498970031738e+01
2.264714217185974121e+01
3.741913604736328125e+01
2.404618287086486816e+01
5.267349290847778320e+01
6.365299582481384277e+01
2.127778506278991699e+01
3.961961913108825684e+01
7.035529184341430664e+01
2.692043590545654297e+01
2.650162005424499512e+01
4.239961075782775879e+01
2.173489904403686523e+01
4.113013601303100586e+01
2.214490699768066406e+01
2.855306220054626465e+01
2.093432617187500000e+01
2.164966201782226562e+01
2.237711811065673828e+01
2.936827278137207031e+01
2.813169908523559570e+01
3.259631729125976562e+01
3.169548082351684570e+01
6.459267187118530273e+01
1.903784084320068359e+01
2.004799175262451172e+01
3.149862313270568848e+01
5.141711401939392090e+01
2.832244610786437988e+01
2.427923917770385742e+01
2.301335120201110840e+01
1.677291083335876465e+01
3.215767335891723633e+01
2.897343993186950684e+01
1.488816523551940918e+01
3.500664496421813965e+01
3.606233000755310059e+01
3.166431522369384766e+01
3.400877094268798828e+01
2.757999324798583984e+01
1.484764981269836426e+01
2.678231978416442871e+01
2.581766915321350098e+01
1.478076791763305664e+01
4.185888791084289551e+01
3.218998813629150391e+01
5.655789804458618164e+01
2.247206568717956543e+01
2.940960574150085449e+01
2.562264275550842285e+01
2.676630592346191406e+01
6.103029298782348633e+01
2.353046703338623047e+01
1.963459205627441406e+01
3.127703404426574707e+01
2.460449671745300293e+01
3.912286686897277832e+01
1.766864395141601562e+01
4.864590573310852051e+01
3.188539075851440430e+01
3.777840399742126465e+01
3.366755819320678711e+01
3.421324586868286133e+01
4.044901776313781738e+01
3.390227580070495605e+01
1.864928793907165527e+01
3.945840978622436523e+01
1.502924609184265137e+01
3.309701299667358398e+01
2.406128692626953125e+01
3.235309410095214844e+01
4.544165992736816406e+01
4.099806523323059082e+01
3.225560188293457031e+01
4.430326175689697266e+01
3.769596791267395020e+01
2.987079501152038574e+01
3.357176494598388672e+01
3.205003976821899414e+01
4.606916022300720215e+01
2.471189308166503906e+01
3.674320793151855469e+01
6.622256088256835938e+01
2.558085584640502930e+01
3.284731292724609375e+01
5.503910398483276367e+01
4.472767996788024902e+01
3.386660790443420410e+01
3.735733604431152344e+01
3.790344905853271484e+01
3.892696499824523926e+01
3.843053817749023438e+01
3.623305225372314453e+01
2.845840477943420410e+01
5.004202294349670410e+01
3.948272490501403809e+01
2.892316699028015137e+01
4.847582101821899414e+01
3.297155714035034180e+01
2.767676496505737305e+01
2.934085988998413086e+01
2.965677404403686523e+01
2.911380290985107422e+01
2.554043793678283691e+01
3.397299909591674805e+01
2.570767807960510254e+01
4.048074412345886230e+01
3.182272529602050781e+01
4.863076400756835938e+01
3.705095911026000977e+01
4.188519692420959473e+01
2.658457112312316895e+01
2.318868303298950195e+01
2.951869392395019531e+01
2.785739874839782715e+01
1.471133780479431152e+01
2.116739296913146973e+01
2.217177391052246094e+01
3.331443691253662109e+01
3.441852903366088867e+01
3.085868906974792480e+01
3.506116509437561035e+01
3.477960085868835449e+01
1.988247227668762207e+01
4.651705694198608398e+01
5.546172595024108887e+01
3.032068181037902832e+01
1.002920794486999512e+01
9.271524906158447266e+00
1.694682884216308594e+01
3.157904314994812012e+01
3.503197216987609863e+01
2.489320683479309082e+01
3.568467998504638672e+01
2.540854120254516602e+01
3.575358390808105469e+01
3.210835385322570801e+01
3.048585700988769531e+01
2.475630116462707520e+01
1.621594905853271484e+01
2.377442598342895508e+01
3.004665279388427734e+01
2.906625580787658691e+01
2.221635103225708008e+01
3.548776292800903320e+01
3.249937510490417480e+01
3.530716228485107422e+01
4.134545803070068359e+01
3.300428390502929688e+01
2.538802790641784668e+01
5.597524929046630859e+01
2.182070589065551758e+01
4.104486012458801270e+01
1.083375811576843262e+01
2.757125878334045410e+01
2.803961014747619629e+01
3.231891512870788574e+01
2.776082801818847656e+01
4.058216381072998047e+01
3.953962016105651855e+01
4.463084530830383301e+01
3.788163113594055176e+01
3.748696088790893555e+01
3.949998188018798828e+01
4.433057904243469238e+01
2.417628216743469238e+01
3.741517782211303711e+01
4.122773814201354980e+01
4.609946203231811523e+01
3.844902777671813965e+01
2.120692610740661621e+01
2.441899323463439941e+01
4.112119603157043457e+01
3.719645071029663086e+01
1.402321100234985352e+01
5.014348173141479492e+01
2.932058906555175781e+01
2.531759524345397949e+01
3.486328172683715820e+01
3.605450606346130371e+01
2.798699307441711426e+01
3.748825502395629883e+01
3.071863508224487305e+01
2.718075585365295410e+01
3.005948805809020996e+01
2.616226506233215332e+01
1.435054707527160645e+01
4.452876710891723633e+01
2.822873497009277344e+01
3.429364204406738281e+01
9.952139139175415039e+00
5.313660287857055664e+01
3.896810197830200195e+01
2.182746505737304688e+01
1.771716403961181641e+01
2.242080807685852051e+01
1.819157195091247559e+01
2.224091911315917969e+01
3.108721876144409180e+01
4.615408897399902344e+01
2.673325419425964355e+01
2.999211597442626953e+01
2.301160597801208496e+01
2.788508105278015137e+01
3.242252087593078613e+01
3.323864603042602539e+01
1.046583104133605957e+01
3.455718684196472168e+01
1.037731599807739258e+01
2.096098899841308594e+01
2.177607202529907227e+01
2.286263775825500488e+01
5.278569793701171875e+01
4.549873614311218262e+01
2.424712228775024414e+01
2.146282792091369629e+01
2.257870507240295410e+01
1.961518812179565430e+01
2.423245286941528320e+01
2.339607691764831543e+01
3.461075139045715332e+01
2.396749615669250488e+01
2.422095990180969238e+01
2.304853177070617676e+01
1.883750295639038086e+01
3.543155884742736816e+01
3.165323710441589355e+01
2.861565303802490234e+01
3.213309288024902344e+01
1.535816502571105957e+01
1.550495886802673340e+01
5.453190016746520996e+01
1.494683599472045898e+01
1.832333302497863770e+01
1.566280698776245117e+01
3.091640114784240723e+01
3.046154379844665527e+01
2.335374736785888672e+01
2.753777885437011719e+01
2.663774013519287109e+01
2.403271007537841797e+01
2.611741590499877930e+01
1.703686690330505371e+01
1.531653404235839844e+01
1.551610612869262695e+01
2.628498888015747070e+01
1.975961184501647949e+01
5.003127622604370117e+01
1.878264307975769043e+01
1.486618709564208984e+01
1.681698083877563477e+01
1.134126305580139160e+01
2.087670397758483887e+01
2.366321206092834473e+01
2.022674322128295898e+01
5.273951506614685059e+01
2.509867787361145020e+01
2.022913813591003418e+01
1.817820978164672852e+01
2.417131495475769043e+01
2.335649895668029785e+01
1.868509221076965332e+01
1.406461000442504883e+01
2.019692802429199219e+01
1.676316022872924805e+01
1.042200183868408203e+01
1.204573297500610352e+01
4.188316917419433594e+01
1.249324512481689453e+01
4.692487311363220215e+01
2.270158100128173828e+01
2.968168711662292480e+01
3.184370684623718262e+01
1.447155594825744629e+01
2.451537489891052246e+01
2.392651391029357910e+01
1.968152117729187012e+01
5.228764796257019043e+01
1.983005976676940918e+01
2.493567276000976562e+01
2.352357721328735352e+01
1.926993083953857422e+01
3.685355806350708008e+01
1.801265692710876465e+01
2.357462501525878906e+01
3.386647295951843262e+01
1.701176977157592773e+01
2.917093992233276367e+01
2.427284502983093262e+01
2.556266212463378906e+01
2.730675792694091797e+01
2.698923707008361816e+01
3.060807704925537109e+01
2.411992120742797852e+01
3.148535013198852539e+01
2.774210786819458008e+01
1.953576874732971191e+01
3.093144083023071289e+01
2.883902215957641602e+01
2.770151805877685547e+01
3.849516010284423828e+01
2.349834394454956055e+01
2.038912487030029297e+01
1.721028518676757812e+01
1.686214590072631836e+01
3.129391598701477051e+01
3.433401918411254883e+01
2.298768520355224609e+01
2.124988484382629395e+01
2.122954297065734863e+01
2.207767438888549805e+01
1.857745909690856934e+01
2.401128482818603516e+01
2.909048080444335938e+01
2.803382205963134766e+01
2.903988194465637207e+01
1.933003330230712891e+01
1.149617481231689453e+01
2.619691896438598633e+01
2.955715370178222656e+01
3.150241422653198242e+01
1.814576125144958496e+01
2.621921777725219727e+01
1.780583977699279785e+01
2.132941794395446777e+01
2.741009521484375000e+01
1.261423897743225098e+01
1.741962289810180664e+01
2.703172993659973145e+01
4.109842419624328613e+01
1.653104519844055176e+01
1.795784807205200195e+01
1.646890091896057129e+01
2.663970088958740234e+01
1.998566508293151855e+01
1.845743417739868164e+01
2.022008013725280762e+01
1.961207771301269531e+01
3.349778890609741211e+01
1.910372686386108398e+01
2.689701724052429199e+01
2.516369795799255371e+01
3.877694416046142578e+01
3.578453493118286133e+01
3.926990818977355957e+01
2.871247839927673340e+01
3.315055513381958008e+01
2.195465397834777832e+01
2.650675797462463379e+01
2.654715013504028320e+01
2.847655582427978516e+01
1.461986184120178223e+01
3.327939486503601074e+01
2.675372695922851562e+01
3.429230594635009766e+01
2.738983726501464844e+01
2.137030029296875000e+01
2.625011110305786133e+01
3.185006403923034668e+01
1.703674578666687012e+01
3.263500118255615234e+01
4.342954516410827637e+01
3.973517632484436035e+01
1.486549091339111328e+01
3.410488200187683105e+01
3.423233580589294434e+01
3.975232505798339844e+01
2.135471701622009277e+01
2.872402596473693848e+01
2.605871605873107910e+01
3.917545008659362793e+01
1.148376107215881348e+01
2.365557479858398438e+01
3.169561982154846191e+01
2.241756081581115723e+01
1.486071205139160156e+01
2.656983804702758789e+01
3.104668116569519043e+01
2.933686494827270508e+01
3.370244503021240234e+01
1.887882804870605469e+01
3.149736905097961426e+01
2.484251785278320312e+01
1.555054998397827148e+01
2.425421619415283203e+01
1.927068996429443359e+01
2.634104418754577637e+01
2.640138483047485352e+01
4.064562463760375977e+01
3.514849615097045898e+01
1.693907189369201660e+01
2.824285697937011719e+01
2.496377611160278320e+01
3.554085183143615723e+01
2.187375903129577637e+01
1.405274391174316406e+01
3.295603585243225098e+01
2.479033780097961426e+01
2.631462311744689941e+01
3.690650796890258789e+01
3.298523688316345215e+01
1.907972097396850586e+01
2.463455486297607422e+01
3.668577194213867188e+01
2.384644889831542969e+01
1.976239681243896484e+01
2.628705596923828125e+01
2.869992709159851074e+01
2.183060622215270996e+01
4.297623920440673828e+01
2.377873110771179199e+01
2.859928798675537109e+01
3.177319288253784180e+01
3.942710518836975098e+01
1.840918803215026855e+01
5.288065791130065918e+01
3.221822690963745117e+01
3.250638270378112793e+01
3.244117689132690430e+01
4.790272521972656250e+01
3.556044101715087891e+01
4.011004495620727539e+01
4.374701094627380371e+01
3.675848603248596191e+01
3.027985215187072754e+01
2.126918601989746094e+01
2.240335202217102051e+01
3.796480274200439453e+01
2.895713210105895996e+01
3.773115897178649902e+01
2.406635594367980957e+01
3.106906104087829590e+01
3.194839906692504883e+01
4.996682095527648926e+01
2.363091111183166504e+01
2.887614011764526367e+01
2.925661087036132812e+01
3.626688480377197266e+01
3.318857598304748535e+01
3.809497880935668945e+01
4.030655312538146973e+01
2.297856783866882324e+01
3.555943894386291504e+01
3.617009305953979492e+01
2.159943771362304688e+01
1.357806205749511719e+01
4.148228192329406738e+01
2.542753100395202637e+01
2.515778684616088867e+01
1.839511489868164062e+01
2.201797914505004883e+01
1.957074999809265137e+01
1.832741713523864746e+01
3.362319302558898926e+01
3.010948586463928223e+01
4.509575700759887695e+01
4.383894681930541992e+01
2.328870296478271484e+01
1.396548986434936523e+01
3.202987694740295410e+01
4.815222287178039551e+01
3.259035181999206543e+01
3.147693896293640137e+01
2.835294699668884277e+01
1.606508421897888184e+01
3.014672279357910156e+01
2.524102973937988281e+01
3.368022322654724121e+01
3.671395277976989746e+01
2.970540380477905273e+01
4.572032999992370605e+01
1.707632613182067871e+01
4.285661506652832031e+01
2.262144899368286133e+01
3.683600521087646484e+01
2.755811405181884766e+01
4.589271616935729980e+01
2.523439812660217285e+01
4.353036379814147949e+01
2.796458601951599121e+01
3.062938904762268066e+01
1.915404891967773438e+01
2.755015087127685547e+01
2.970960593223571777e+01
3.039614796638488770e+01
2.449645113945007324e+01
3.048797702789306641e+01
3.086028909683227539e+01
2.800675368309020996e+01
2.851174712181091309e+01
3.516264486312866211e+01
2.371626901626586914e+01
3.684288311004638672e+01
3.250523471832275391e+01
2.717763090133666992e+01
3.244047188758850098e+01
3.883545804023742676e+01
1.712987780570983887e+01
3.671635103225708008e+01
2.638717508316040039e+01
3.144487786293029785e+01
4.194810390472412109e+01
9.650161981582641602e+00
3.342271399497985840e+01
3.017043304443359375e+01
2.554674673080444336e+01
2.872794699668884277e+01
3.774126887321472168e+01
4.752253174781799316e+01
1.297454786300659180e+01
1.555921506881713867e+01
3.861295533180236816e+01
1.626705908775329590e+01
3.211600923538208008e+01
2.050355195999145508e+01
3.381349277496337891e+01
1.684028697013854980e+01
2.352756190299987793e+01
4.874161815643310547e+01
2.117873096466064453e+01
3.894526481628417969e+01
1.400607824325561523e+01
1.447527718544006348e+01
2.026553702354431152e+01
2.149067187309265137e+01
4.226991510391235352e+01
1.439503836631774902e+01
1.696209096908569336e+01
1.418604612350463867e+01
2.182044196128845215e+01
2.218198204040527344e+01
2.233634710311889648e+01
1.990401506423950195e+01
2.250149726867675781e+01
2.198016905784606934e+01
2.932816171646118164e+01
2.895213580131530762e+01
1.923975396156311035e+01
2.283496379852294922e+01
3.103332495689392090e+01
2.399354791641235352e+01
2.939912080764770508e+01
1.472232127189636230e+01
2.324753093719482422e+01
1.499932980537414551e+01
2.388479423522949219e+01
2.434247994422912598e+01
2.476959991455078125e+01
4.152410292625427246e+01
2.393764591217041016e+01
1.649358582496643066e+01
2.136783385276794434e+01
2.447015285491943359e+01
3.489843201637268066e+01
2.277139997482299805e+01
2.695615983009338379e+01
2.842411804199218750e+01
2.922351098060607910e+01
2.024654293060302734e+01
2.168921422958374023e+01
3.332435011863708496e+01
2.029521703720092773e+01
1.824310898780822754e+01
1.797878885269165039e+01
2.561352896690368652e+01
2.401403903961181641e+01
3.727943015098571777e+01
1.805727815628051758e+01
2.334776401519775391e+01
3.482182502746582031e+01
1.360805416107177734e+01
3.198440217971801758e+01
3.126243925094604492e+01
3.075933694839477539e+01
3.897252798080444336e+01
1.897710514068603516e+01
3.252367997169494629e+01
1.968169403076171875e+01
2.370626497268676758e+01
2.446896409988403320e+01
3.128320598602294922e+01
1.386408805847167969e+01
3.104327797889709473e+01
1.990481996536254883e+01
2.673358702659606934e+01
1.777924203872680664e+01
3.523424005508422852e+01
3.809052109718322754e+01
2.621484184265136719e+01
2.332766580581665039e+01
3.641548299789428711e+01
3.336630916595458984e+01
3.125048089027404785e+01
1.991854596138000488e+01
2.338991284370422363e+01
2.744574308395385742e+01
2.732117199897766113e+01
3.087958216667175293e+01
1.777681112289428711e+01
2.300866985321044922e+01
2.944825601577758789e+01
3.216364622116088867e+01
5.453173494338989258e+01
3.079146003723144531e+01
2.796484398841857910e+01
3.228334999084472656e+01
2.105910992622375488e+01
2.946050524711608887e+01
3.577116227149963379e+01
2.888463091850280762e+01
3.313188695907592773e+01
3.691465806961059570e+01
2.024580812454223633e+01
4.189289999008178711e+01
3.514530491828918457e+01
1.564426708221435547e+01
1.713131475448608398e+01
1.875514078140258789e+01
3.164718627929687500e+01
4.792573404312133789e+01
3.670360422134399414e+01
4.009893083572387695e+01
1.350274276733398438e+01
1.550608682632446289e+01
2.648571228981018066e+01
2.571906900405883789e+01
3.968877172470092773e+01
3.994195222854614258e+01
3.058703613281250000e+01
2.945867180824279785e+01
1.156795787811279297e+01
1.353435921669006348e+01
2.957962703704833984e+01
2.109602570533752441e+01
2.527933311462402344e+01
3.376515197753906250e+01
4.220911884307861328e+01
4.332367515563964844e+01
1.489461398124694824e+01
3.069579696655273438e+01
2.641294384002685547e+01
2.143876123428344727e+01
1.824900507926940918e+01
2.601662397384643555e+01
1.669347834587097168e+01
1.797695994377136230e+01
2.145308399200439453e+01
3.566371512413024902e+01
2.834593796730041504e+01
2.714487600326538086e+01
1.960956811904907227e+01
2.476486563682556152e+01
2.747752976417541504e+01
3.013916516304016113e+01
3.000583434104919434e+01
2.723268413543701172e+01
2.707980799674987793e+01
3.103557920455932617e+01
3.340314102172851562e+01
3.922537612915039062e+01
2.893483591079711914e+01
3.335583209991455078e+01
3.291348981857299805e+01
3.244807815551757812e+01
3.722689032554626465e+01
2.086662197113037109e+01
2.523027801513671875e+01
4.002556276321411133e+01
3.705887889862060547e+01
2.791716289520263672e+01
4.306825494766235352e+01
2.319499993324279785e+01
3.563673996925354004e+01
3.808468198776245117e+01
3.708297300338745117e+01
3.803001117706298828e+01
3.889469790458679199e+01
4.304875969886779785e+01
2.717348718643188477e+01
1.850547885894775391e+01
1.982649087905883789e+01
3.160381817817687988e+01
3.108896207809448242e+01
2.106451988220214844e+01
2.935792803764343262e+01
1.421693181991577148e+01
3.182569432258605957e+01
2.625307798385620117e+01
2.054763698577880859e+01
4.729047918319702148e+01
1.735277295112609863e+01
2.812032008171081543e+01
1.833648514747619629e+01
2.363576388359069824e+01
3.375544595718383789e+01
5.294429278373718262e+01
3.814076709747314453e+01
3.475892901420593262e+01
2.334045624732971191e+01
3.589757490158081055e+01
3.459304189682006836e+01
3.691141104698181152e+01
1.416687011718750000e+01
1.641731691360473633e+01
2.487291502952575684e+01
3.891346597671508789e+01
3.724233984947204590e+01
3.592700099945068359e+01
