2.671528911590576172e+01
2.194101667404174805e+01
2.569210004806518555e+01
2.684432506561279297e+01
2.486817216873168945e+01
1.838113403320312500e+01
2.641056299209594727e+01
2.396769309043884277e+01
1.736199927330017090e+01
2.138997292518615723e+01
1.552621698379516602e+01
3.477970004081726074e+01
2.424597907066345215e+01
1.527166819572448730e+01
3.140262508392333984e+01
1.905158185958862305e+01
1.532197833061218262e+01
1.448678231239318848e+01
1.876032996177673340e+01
1.392423725128173828e+01
2.301022601127624512e+01
3.710096788406372070e+01
2.528022408485412598e+01
9.055783987045288086e+00
3.158195209503173828e+01
8.913629055023193359e+00
3.110712003707885742e+01
1.600455498695373535e+01
1.510153293609619141e+01
1.669666218757629395e+01
1.619825315475463867e+01
1.137767720222473145e+01
1.543494200706481934e+01
1.164318490028381348e+01
2.076935172080993652e+01
1.696747231483459473e+01
1.757100629806518555e+01
1.906231617927551270e+01
1.549059200286865234e+01
1.046808218955993652e+01
1.690590214729309082e+01
1.845272302627563477e+01
1.849851083755493164e+01
1.746060085296630859e+01
1.434061789512634277e+01
1.916178512573242188e+01
2.903167295455932617e+01
1.240773606300354004e+01
1.809934496879577637e+01
1.733112716674804688e+01
1.977702331542968750e+01
2.305560421943664551e+01
2.233812093734741211e+01
2.010710597038269043e+01
3.134330177307128906e+01
2.015650796890258789e+01
1.540653705596923828e+01
2.485340309143066406e+01
2.222409081459045410e+01
2.419687294960021973e+01
1.896605396270751953e+01
1.658467793464660645e+01
1.796092009544372559e+01
2.092478895187377930e+01
2.459415984153747559e+01
2.657923293113708496e+01
1.825864481925964355e+01
1.699554395675659180e+01
1.371368718147277832e+01
2.710349988937377930e+01
2.007092976570129395e+01
1.719714212417602539e+01
1.622074007987976074e+01
1.458605313301086426e+01
1.551004600524902344e+01
2.744134211540222168e+01
6.106455802917480469e+00
2.918007493019104004e+01
1.750018882751464844e+01
2.448607087135314941e+01
2.549977803230285645e+01
1.299886083602905273e+01
1.583590197563171387e+01
2.287658500671386719e+01
1.395537996292114258e+01
1.319714021682739258e+01
1.519463109970092773e+01
2.815502095222473145e+01
2.991419887542724609e+01
2.229408192634582520e+01
2.326812314987182617e+01
1.561983799934387207e+01
1.044489598274230957e+01
1.489793801307678223e+01
1.298120808601379395e+01
2.154816007614135742e+01
2.666818785667419434e+01
1.609519100189208984e+01
2.284005308151245117e+01
2.516855692863464355e+01
1.436135411262512207e+01
2.313259387016296387e+01
2.018181562423706055e+01
2.440600109100341797e+01
1.423786592483520508e+01
1.384134984016418457e+01
2.243654203414916992e+01
2.866674780845642090e+01
2.257891201972961426e+01
1.983544397354125977e+01
1.994920682907104492e+01
1.711591219902038574e+01
2.038410997390747070e+01
1.836310791969299316e+01
1.803209209442138672e+01
2.035236907005310059e+01
2.040327906608581543e+01
2.825162124633789062e+01
2.066628694534301758e+01
2.032695865631103516e+01
1.890565299987792969e+01
2.476121401786804199e+01
2.341804504394531250e+01
1.311264801025390625e+01
2.393846821784973145e+01
2.245442390441894531e+01
3.447847890853881836e+01
2.864178776741027832e+01
2.065343499183654785e+01
2.311594700813293457e+01
3.128545784950256348e+01
2.140309095382690430e+01
2.276110601425170898e+01
2.337183785438537598e+01
1.803147220611572266e+01
2.571542191505432129e+01
2.637882089614868164e+01
1.802523684501647949e+01
1.681366515159606934e+01
2.568887805938720703e+01
2.347833395004272461e+01
2.498865795135498047e+01
2.210403895378112793e+01
1.754660606384277344e+01
2.192689585685729980e+01
2.339716243743896484e+01
2.085426688194274902e+01
2.290622067451477051e+01
2.230914616584777832e+01
2.570157384872436523e+01
1.666983008384704590e+01
2.049038696289062500e+01
2.264411807060241699e+01
1.847998690605163574e+01
1.591994333267211914e+01
2.047741198539733887e+01
2.825274682044982910e+01
3.115463829040527344e+01
3.146505808830261230e+01
1.269964218139648438e+01
2.980756616592407227e+01
2.510222411155700684e+01
2.933952426910400391e+01
2.815503835678100586e+01
1.458938288688659668e+01
1.667909812927246094e+01
1.348931193351745605e+01
3.030204796791076660e+01
3.069071316719055176e+01
1.192054677009582520e+01
3.462283802032470703e+01
3.278915786743164062e+01
1.768279004096984863e+01
2.687147903442382812e+01
1.817168307304382324e+01
1.113410568237304688e+01
3.074053812026977539e+01
1.682916927337646484e+01
2.019672799110412598e+01
3.685428094863891602e+01
3.516151118278503418e+01
3.827330780029296875e+01
2.044633293151855469e+01
1.766208696365356445e+01
1.775140786170959473e+01
2.740742707252502441e+01
3.058661723136901855e+01
2.408160281181335449e+01
2.513605499267578125e+01
3.377939796447753906e+01
3.549407696723937988e+01
1.060705780982971191e+01
3.529045724868774414e+01
2.397332000732421875e+01
2.465250682830810547e+01
2.757128977775573730e+01
1.745323801040649414e+01
3.790303015708923340e+01
1.837660503387451172e+01
1.711751604080200195e+01
1.823185992240905762e+01
1.611953806877136230e+01
1.955471467971801758e+01
2.045919704437255859e+01
2.065987801551818848e+01
2.604383397102355957e+01
1.625824117660522461e+01
1.745330810546875000e+01
1.562945485115051270e+01
2.071346616744995117e+01
2.818498611450195312e+01
2.540663862228393555e+01
2.401967930793762207e+01
2.947142624855041504e+01
2.240843105316162109e+01
2.139161705970764160e+01
2.229450702667236328e+01
2.281589198112487793e+01
1.370098209381103516e+01
2.653972792625427246e+01
2.508415007591247559e+01
1.363041687011718750e+01
3.181762814521789551e+01
2.370082306861877441e+01
3.119547390937805176e+01
1.711202216148376465e+01
2.174866628646850586e+01
3.213450121879577637e+01
2.314120078086853027e+01
2.684480214118957520e+01
2.924402713775634766e+01
2.769086194038391113e+01
2.812135124206542969e+01
2.341013288497924805e+01
1.559150075912475586e+01
3.104640007019042969e+01
1.755713415145874023e+01
2.294535398483276367e+01
2.197198367118835449e+01
2.287759590148925781e+01
2.141544389724731445e+01
1.795762300491333008e+01
3.752058529853820801e+01
1.819633674621582031e+01
3.887358593940734863e+01
2.608970403671264648e+01
2.273232221603393555e+01
3.199362516403198242e+01
1.219906473159790039e+01
2.185225105285644531e+01
1.882332110404968262e+01
2.989779472351074219e+01
2.377941608428955078e+01
2.095252299308776855e+01
2.037368988990783691e+01
2.395487117767333984e+01
2.199056482315063477e+01
2.783745002746582031e+01
2.999879193305969238e+01
1.654116296768188477e+01
2.590578198432922363e+01
2.236591792106628418e+01
2.486024904251098633e+01
1.529591298103332520e+01
2.483598065376281738e+01
2.087571191787719727e+01
2.431258487701416016e+01
1.565588712692260742e+01
1.994575786590576172e+01
2.545666098594665527e+01
2.375050902366638184e+01
2.441705298423767090e+01
1.751328897476196289e+01
2.575518298149108887e+01
2.065033483505249023e+01
1.901918005943298340e+01
3.672695326805114746e+01
3.044468188285827637e+01
2.089682507514953613e+01
3.110898685455322266e+01
2.468155717849731445e+01
2.143832492828369141e+01
3.403479433059692383e+01
2.795486688613891602e+01
2.604576802253723145e+01
2.804224920272827148e+01
1.287236714363098145e+01
9.598237037658691406e+00
2.834689903259277344e+01
2.274420189857482910e+01
3.510657596588134766e+01
1.901206398010253906e+01
3.555049300193786621e+01
2.807602620124816895e+01
1.045493102073669434e+01
2.458924412727355957e+01
3.302008390426635742e+01
1.702089715003967285e+01
2.771044898033142090e+01
2.628767609596252441e+01
3.542632174491882324e+01
2.119674229621887207e+01
3.107171797752380371e+01
2.565739679336547852e+01
2.623622608184814453e+01
3.046210789680480957e+01
9.271734952926635742e+00
2.231615304946899414e+01
2.740706896781921387e+01
2.503782296180725098e+01
2.925611400604248047e+01
2.302638196945190430e+01
1.918424201011657715e+01
1.132060432434082031e+01
1.638784980773925781e+01
3.198558115959167480e+01
4.015506005287170410e+01
3.168626379966735840e+01
3.434805893898010254e+01
1.831382513046264648e+01
1.193353986740112305e+01
1.795689201354980469e+01
1.851065683364868164e+01
2.176053190231323242e+01
2.116537714004516602e+01
3.268374085426330566e+01
1.057843685150146484e+01
1.760864686965942383e+01
2.130728197097778320e+01
2.085764884948730469e+01
1.991959881782531738e+01
1.699555778503417969e+01
2.028237199783325195e+01
2.090551495552062988e+01
2.304189085960388184e+01
3.360301804542541504e+01
3.359313416481018066e+01
2.187041831016540527e+01
2.066441297531127930e+01
2.434725975990295410e+01
4.398356604576110840e+01
3.414488911628723145e+01
3.511027884483337402e+01
2.572038006782531738e+01
1.898086714744567871e+01
2.504269099235534668e+01
2.679297995567321777e+01
2.368293499946594238e+01
1.783897805213928223e+01
1.296903395652770996e+01
2.369262123107910156e+01
1.528150773048400879e+01
1.720704197883605957e+01
3.227166414260864258e+01
2.122084617614746094e+01
2.149840092658996582e+01
2.186289906501770020e+01
1.390635704994201660e+01
2.490736889839172363e+01
1.843015193939208984e+01
2.843528604507446289e+01
2.890958428382873535e+01
1.671165895462036133e+01
1.289142918586730957e+01
1.755510568618774414e+01
2.270453906059265137e+01
2.314903903007507324e+01
2.896391296386718750e+01
2.162430214881896973e+01
3.091782927513122559e+01
2.395862412452697754e+01
2.422378301620483398e+01
1.395483899116516113e+01
2.692325401306152344e+01
1.592543792724609375e+01
1.279617094993591309e+01
1.045591592788696289e+01
1.860948896408081055e+01
1.515853095054626465e+01
1.861518883705139160e+01
3.699703979492187500e+01
2.087022018432617188e+01
2.675800013542175293e+01
2.482421112060546875e+01
2.813873314857482910e+01
1.291773319244384766e+01
4.725425505638122559e+01
3.270844388008117676e+01
1.497405076026916504e+01
1.782171082496643066e+01
2.050881981849670410e+01
1.457262635231018066e+01
2.988911509513854980e+01
2.360239887237548828e+01
1.758048796653747559e+01
3.594139909744262695e+01
2.493838000297546387e+01
1.985386490821838379e+01
1.254228091239929199e+01
1.915496706962585449e+01
2.030029296875000000e+01
1.880809283256530762e+01
1.885066199302673340e+01
1.786289405822753906e+01
1.697136998176574707e+01
1.429034495353698730e+01
1.019429612159729004e+01
1.619548964500427246e+01
1.717091107368469238e+01
2.111119699478149414e+01
1.615402007102966309e+01
1.704407191276550293e+01
1.329041409492492676e+01
2.052485704421997070e+01
1.566897511482238770e+01
1.700459790229797363e+01
2.648500490188598633e+01
2.283586978912353516e+01
2.057898092269897461e+01
2.274569272994995117e+01
1.407947301864624023e+01
2.656195020675659180e+01
2.063641119003295898e+01
2.059729790687561035e+01
1.488247609138488770e+01
1.845514988899230957e+01
2.310462784767150879e+01
2.327461671829223633e+01
1.593176507949829102e+01
1.984969592094421387e+01
2.305201816558837891e+01
1.679282808303833008e+01
2.391559505462646484e+01
2.141244220733642578e+01
2.284882497787475586e+01
1.953931903839111328e+01
2.327815032005310059e+01
2.565072917938232422e+01
1.186760187149047852e+01
1.232207322120666504e+01
2.442554092407226562e+01
9.874507188796997070e+00
1.892741298675537109e+01
2.632959294319152832e+01
9.730588912963867188e+00
2.063077187538146973e+01
1.997558093070983887e+01
1.636074995994567871e+01
2.334599709510803223e+01
1.720293188095092773e+01
2.515316104888916016e+01
1.191825580596923828e+01
1.921309685707092285e+01
1.118167901039123535e+01
2.834533619880676270e+01
1.063952183723449707e+01
2.661768078804016113e+01
1.982862281799316406e+01
1.618390917778015137e+01
2.016393876075744629e+01
2.061944174766540527e+01
3.143323087692260742e+01
2.388971328735351562e+01
1.567835402488708496e+01
2.297805213928222656e+01
2.243453693389892578e+01
2.515101003646850586e+01
2.300087213516235352e+01
1.948388719558715820e+01
1.814812898635864258e+01
3.206911420822143555e+01
2.432783389091491699e+01
3.593214893341064453e+01
2.121659994125366211e+01
2.356792378425598145e+01
1.922143101692199707e+01
1.191060781478881836e+01
2.548603701591491699e+01
2.145707488059997559e+01
2.157041716575622559e+01
3.308834695816040039e+01
1.938416624069213867e+01
2.041770505905151367e+01
2.790438985824584961e+01
2.655039787292480469e+01
3.955021429061889648e+01
2.671668982505798340e+01
2.508313083648681641e+01
3.103037214279174805e+01
1.580873084068298340e+01
2.415623283386230469e+01
2.755616831779479980e+01
3.629753279685974121e+01
2.560209703445434570e+01
2.710040974617004395e+01
4.293794798851013184e+01
2.927564311027526855e+01
2.399855089187622070e+01
3.608116507530212402e+01
3.408861589431762695e+01
3.087818694114685059e+01
2.844319891929626465e+01
2.939395236968994141e+01
1.819997811317443848e+01
1.740270495414733887e+01
3.010556912422180176e+01
1.883062982559204102e+01
2.420798921585083008e+01
3.047027707099914551e+01
2.435145926475524902e+01
2.440857696533203125e+01
1.327359795570373535e+01
1.954774785041809082e+01
3.303265905380249023e+01
2.292703390121459961e+01
2.900194907188415527e+01
3.363955092430114746e+01
1.702912306785583496e+01
3.183530282974243164e+01
2.051633095741271973e+01
2.029983186721801758e+01
3.443001198768615723e+01
3.147981619834899902e+01
6.922746896743774414e+00
2.192516565322875977e+01
1.950915408134460449e+01
1.903706979751586914e+01
2.234603714942932129e+01
2.020074987411499023e+01
2.314722800254821777e+01
2.073124408721923828e+01
9.640756368637084961e+00
1.888198971748352051e+01
1.863449692726135254e+01
2.479135727882385254e+01
2.632494211196899414e+01
2.499770689010620117e+01
2.003341603279113770e+01
2.199815416336059570e+01
2.211397504806518555e+01
2.414933896064758301e+01
1.878071475028991699e+01
2.107637906074523926e+01
1.075130820274353027e+01
2.508031797409057617e+01
9.366594076156616211e+00
1.592148113250732422e+01
2.337246513366699219e+01
1.937625598907470703e+01
2.238756299018859863e+01
1.880140590667724609e+01
1.229311800003051758e+01
1.970030522346496582e+01
2.969638419151306152e+01
1.813741517066955566e+01
1.436132407188415527e+01
2.917670917510986328e+01
2.813401031494140625e+01
2.937571287155151367e+01
2.940862727165222168e+01
2.207618784904479980e+01
2.934671306610107422e+01
3.731467080116271973e+01
1.433749794960021973e+01
2.865545392036437988e+01
2.207938098907470703e+01
3.805675888061523438e+01
2.098015594482421875e+01
2.872710585594177246e+01
2.920338892936706543e+01
9.006472110748291016e+00
2.479719209671020508e+01
2.162833976745605469e+01
1.767850899696350098e+01
1.976089119911193848e+01
2.660900807380676270e+01
1.426598024368286133e+01
1.739429807662963867e+01
2.500155806541442871e+01
2.721562290191650391e+01
1.942788791656494141e+01
2.456566691398620605e+01
3.126882576942443848e+01
1.891017699241638184e+01
1.371915173530578613e+01
2.444701981544494629e+01
2.347863101959228516e+01
2.297521400451660156e+01
2.031897425651550293e+01
2.850537824630737305e+01
2.649901008605957031e+01
3.091586494445800781e+01
1.446014380455017090e+01
3.314024496078491211e+01
3.283424925804138184e+01
1.634903192520141602e+01
3.439240503311157227e+01
2.902095985412597656e+01
2.794436001777648926e+01
3.323940205574035645e+01
3.266588997840881348e+01
3.917783403396606445e+01
3.122944831848144531e+01
2.975850582122802734e+01
1.908683109283447266e+01
3.019436383247375488e+01
2.351726531982421875e+01
1.969446921348571777e+01
2.826154422760009766e+01
1.818809413909912109e+01
1.379761981964111328e+01
3.099018597602844238e+01
1.692566704750061035e+01
2.303279280662536621e+01
3.130136203765869141e+01
2.869285392761230469e+01
3.211688375473022461e+01
2.745338916778564453e+01
2.298302125930786133e+01
2.469139003753662109e+01
1.502903604507446289e+01
3.707639503479003906e+01
2.782599973678588867e+01
2.207480692863464355e+01
1.926560783386230469e+01
3.703971695899963379e+01
1.527417898178100586e+01
4.506319808959960938e+01
2.106539988517761230e+01
3.643214511871337891e+01
2.068150019645690918e+01
2.341581416130065918e+01
2.022020602226257324e+01
1.974798417091369629e+01
1.660005784034729004e+01
2.721667361259460449e+01
3.888004493713378906e+01
3.033139085769653320e+01
1.963704085350036621e+01
1.406365227699279785e+01
3.299237012863159180e+01
2.304914307594299316e+01
1.219885420799255371e+01
1.878087306022644043e+01
3.617694997787475586e+01
1.779151105880737305e+01
1.835848307609558105e+01
4.123701190948486328e+01
1.491215300559997559e+01
2.427466487884521484e+01
1.652025318145751953e+01
1.898660206794738770e+01
1.781625509262084961e+01
2.326393985748291016e+01
2.296013426780700684e+01
2.662619900703430176e+01
2.798106193542480469e+01
2.785322594642639160e+01
2.565339088439941406e+01
3.119296383857727051e+01
2.238575172424316406e+01
2.216443490982055664e+01
2.811699819564819336e+01
2.852587199211120605e+01
2.572137498855590820e+01
3.048371195793151855e+01
2.593406319618225098e+01
2.866235899925231934e+01
2.686058402061462402e+01
2.000850605964660645e+01
2.855217313766479492e+01
1.920935797691345215e+01
3.048794078826904297e+01
3.536619710922241211e+01
2.769067525863647461e+01
2.005767607688903809e+01
3.207534503936767578e+01
1.988324999809265137e+01
2.796213793754577637e+01
2.465567088127136230e+01
2.028300595283508301e+01
3.163683724403381348e+01
2.486854410171508789e+01
2.914306807518005371e+01
2.340402603149414062e+01
2.186543416976928711e+01
3.143143987655639648e+01
3.051344513893127441e+01
3.212320995330810547e+01
2.927404522895812988e+01
2.857073521614074707e+01
2.889560532569885254e+01
1.739795303344726562e+01
1.690128207206726074e+01
2.564042067527770996e+01
1.085290002822875977e+01
2.945368766784667969e+01
2.443205189704895020e+01
3.055312609672546387e+01
3.088504910469055176e+01
3.191777610778808594e+01
2.029868197441101074e+01
2.719989919662475586e+01
2.714372706413269043e+01
2.683408308029174805e+01
2.637897086143493652e+01
2.671630001068115234e+01
1.578822302818298340e+01
1.641689801216125488e+01
2.646680712699890137e+01
1.595048880577087402e+01
3.447094202041625977e+01
2.979621410369873047e+01
1.932446002960205078e+01
3.396779394149780273e+01
3.918829989433288574e+01
2.564456605911254883e+01
2.267861890792846680e+01
1.633349084854125977e+01
3.115399980545043945e+01
2.284321999549865723e+01
2.504110097885131836e+01
3.569803404808044434e+01
2.728834509849548340e+01
1.870436477661132812e+01
3.338874697685241699e+01
3.359325218200683594e+01
2.768442487716674805e+01
3.309383606910705566e+01
3.530047583580017090e+01
3.705346822738647461e+01
2.832324409484863281e+01
4.143968796730041504e+01
3.372880506515502930e+01
2.412614393234252930e+01
3.293850398063659668e+01
2.486620306968688965e+01
3.320206570625305176e+01
3.547598099708557129e+01
3.648650097846984863e+01
2.856618595123291016e+01
2.569569706916809082e+01
2.571541309356689453e+01
4.036753773689270020e+01
2.999669122695922852e+01
2.758273100852966309e+01
2.856955814361572266e+01
3.754728102684020996e+01
2.860214138031005859e+01
3.501516914367675781e+01
3.933320927619934082e+01
2.939045596122741699e+01
1.942748284339904785e+01
2.740223526954650879e+01
2.865287804603576660e+01
3.034848713874816895e+01
3.217589616775512695e+01
3.367026305198669434e+01
4.087171673774719238e+01
3.152582001686096191e+01
3.071420216560363770e+01
3.616397905349731445e+01
3.245125484466552734e+01
3.520013785362243652e+01
3.788170194625854492e+01
3.648976421356201172e+01
3.565782904624938965e+01
2.402723884582519531e+01
2.417214369773864746e+01
3.193018698692321777e+01
3.134541702270507812e+01
3.161712408065795898e+01
3.629994010925292969e+01
2.878033995628356934e+01
4.327044081687927246e+01
4.322082901000976562e+01
2.995862293243408203e+01
2.901610803604125977e+01
4.287147212028503418e+01
3.717718029022216797e+01
2.419357800483703613e+01
3.568493628501892090e+01
3.662234807014465332e+01
3.661573410034179688e+01
4.847085309028625488e+01
3.287518000602722168e+01
2.265068316459655762e+01
3.652744007110595703e+01
3.299862599372863770e+01
2.134902119636535645e+01
3.450577807426452637e+01
2.585111808776855469e+01
3.120763397216796875e+01
4.262028694152832031e+01
2.959149026870727539e+01
4.172315812110900879e+01
2.700898098945617676e+01
3.602061605453491211e+01
1.402255916595458984e+01
2.830279302597045898e+01
3.424526000022888184e+01
4.466057205200195312e+01
3.435351419448852539e+01
4.747214889526367188e+01
3.805734086036682129e+01
3.864964079856872559e+01
2.184525108337402344e+01
3.902850723266601562e+01
4.316354489326477051e+01
3.279696416854858398e+01
3.377112889289855957e+01
1.772298097610473633e+01
2.904885816574096680e+01
3.304648685455322266e+01
2.151737093925476074e+01
3.588652372360229492e+01
3.284873795509338379e+01
3.970767402648925781e+01
3.250626730918884277e+01
2.675654006004333496e+01
2.547773528099060059e+01
1.866995000839233398e+01
4.616612815856933594e+01
4.856082320213317871e+01
3.462572383880615234e+01
1.841123676300048828e+01
4.311623811721801758e+01
1.803522610664367676e+01
1.862235593795776367e+01
3.837523388862609863e+01
2.275616288185119629e+01
3.841632723808288574e+01
3.699979472160339355e+01
3.423724007606506348e+01
2.065702915191650391e+01
2.901040983200073242e+01
2.023148584365844727e+01
2.114500904083251953e+01
2.931058025360107422e+01
1.823092722892761230e+01
4.341762495040893555e+01
2.463576221466064453e+01
4.400808238983154297e+01
4.168131899833679199e+01
2.399673676490783691e+01
3.740614604949951172e+01
3.360394620895385742e+01
4.172610807418823242e+01
2.127584099769592285e+01
1.223755216598510742e+01
3.394528675079345703e+01
2.134912419319152832e+01
2.232998299598693848e+01
2.949474811553955078e+01
2.357525205612182617e+01
2.498068809509277344e+01
2.251804399490356445e+01
2.849215221405029297e+01
3.768329596519470215e+01
2.574473714828491211e+01
2.827263402938842773e+01
2.266506695747375488e+01
1.260072827339172363e+01
2.704322195053100586e+01
2.134491610527038574e+01
4.523709106445312500e+01
2.721197843551635742e+01
1.396653199195861816e+01
3.853549003601074219e+01
2.169210600852966309e+01
2.753380799293518066e+01
4.950584173202514648e+01
2.610279870033264160e+01
4.536768889427185059e+01
1.629884004592895508e+01
1.460337996482849121e+01
1.854378294944763184e+01
4.923539495468139648e+01
1.789314317703247070e+01
2.334849882125854492e+01
1.537942409515380859e+01
1.924697875976562500e+01
2.875044608116149902e+01
2.537659215927124023e+01
1.727541923522949219e+01
2.650458598136901855e+01
1.620748066902160645e+01
1.695716023445129395e+01
2.277511191368103027e+01
2.763869071006774902e+01
1.975914597511291504e+01
1.708447790145874023e+01
2.411588788032531738e+01
2.604062795639038086e+01
3.028743672370910645e+01
3.201339507102966309e+01
2.558194208145141602e+01
1.928768801689147949e+01
2.262499976158142090e+01
3.239407682418823242e+01
2.039529609680175781e+01
2.198578715324401855e+01
2.042384672164916992e+01
2.965781807899475098e+01
2.019643497467041016e+01
2.193885016441345215e+01
2.192801403999328613e+01
3.268804788589477539e+01
3.291559886932373047e+01
4.017227387428283691e+01
2.906778788566589355e+01
2.304468917846679688e+01
2.620031738281250000e+01
2.169030714035034180e+01
3.630355525016784668e+01
2.496147918701171875e+01
2.658716320991516113e+01
2.362217926979064941e+01
2.733702588081359863e+01
2.478828716278076172e+01
2.552226996421813965e+01
3.321248912811279297e+01
3.769322490692138672e+01
2.539451813697814941e+01
1.648918294906616211e+01
1.757846212387084961e+01
2.566634011268615723e+01
2.131224489212036133e+01
2.515981888771057129e+01
1.893454694747924805e+01
1.539324688911437988e+01
1.893549013137817383e+01
2.213728308677673340e+01
2.406535887718200684e+01
2.491601085662841797e+01
3.895880293846130371e+01
1.610247302055358887e+01
1.399316191673278809e+01
1.253198623657226562e+01
4.106128382682800293e+01
2.603106474876403809e+01
1.770295596122741699e+01
3.566146206855773926e+01
2.793831086158752441e+01
2.335468602180480957e+01
2.078901576995849609e+01
2.218917989730834961e+01
2.942368578910827637e+01
4.206181311607360840e+01
4.004907488822937012e+01
2.678847217559814453e+01
2.955147433280944824e+01
3.666835498809814453e+01
2.895110201835632324e+01
2.884539914131164551e+01
2.433084177970886230e+01
3.056097602844238281e+01
4.181998491287231445e+01
2.110360288619995117e+01
3.019075512886047363e+01
2.313973808288574219e+01
2.697403597831726074e+01
1.483016133308410645e+01
2.620823311805725098e+01
4.434732198715209961e+01
3.154174590110778809e+01
4.061216378211975098e+01
2.625188899040222168e+01
3.139429926872253418e+01
1.703544187545776367e+01
3.958366703987121582e+01
3.197903800010681152e+01
2.075005793571472168e+01
1.865301108360290527e+01
2.046264719963073730e+01
2.651659989356994629e+01
4.154928874969482422e+01
4.480376386642456055e+01
3.055684494972229004e+01
3.038159179687500000e+01
4.055513119697570801e+01
3.140543889999389648e+01
2.829395484924316406e+01
3.600512194633483887e+01
1.815664386749267578e+01
2.118695688247680664e+01
2.217547202110290527e+01
2.681157088279724121e+01
3.117431092262268066e+01
2.007003688812255859e+01
3.179701685905456543e+01
3.033082699775695801e+01
3.075207710266113281e+01
1.724162507057189941e+01
4.276285481452941895e+01
2.771393799781799316e+01
3.885777521133422852e+01
3.324479484558105469e+01
1.773981285095214844e+01
3.007666110992431641e+01
2.989979910850524902e+01
1.723082494735717773e+01
2.438301014900207520e+01
3.976797604560852051e+01
5.437684798240661621e+01
3.003419184684753418e+01
1.908269190788269043e+01
4.542454290390014648e+01
2.944049406051635742e+01
4.665111899375915527e+01
4.331512022018432617e+01
1.643711376190185547e+01
3.708512496948242188e+01
2.367113518714904785e+01
2.389618611335754395e+01
4.231271505355834961e+01
3.320321273803710938e+01
4.212866783142089844e+01
3.370106506347656250e+01
2.591350507736206055e+01
3.330338096618652344e+01
2.928639793395996094e+01
3.150119781494140625e+01
4.849111986160278320e+01
3.531874394416809082e+01
3.044276881217956543e+01
4.194634819030761719e+01
2.657958793640136719e+01
3.900691795349121094e+01
2.119086503982543945e+01
3.293491196632385254e+01
2.983862304687500000e+01
2.057638883590698242e+01
3.942672801017761230e+01
4.808335995674133301e+01
3.090721678733825684e+01
3.265684294700622559e+01
2.015501117706298828e+01
3.549089813232421875e+01
4.229750084877014160e+01
3.294144511222839355e+01
4.585473704338073730e+01
4.581388211250305176e+01
2.170133090019226074e+01
2.187306094169616699e+01
3.646220278739929199e+01
2.217331576347351074e+01
3.533945393562316895e+01
2.299538111686706543e+01
2.223421812057495117e+01
1.580592274665832520e+01
3.326937484741210938e+01
2.228701400756835938e+01
3.015002202987670898e+01
3.809061098098754883e+01
3.632206392288208008e+01
3.176119685173034668e+01
2.185395407676696777e+01
3.423381686210632324e+01
4.900448918342590332e+01
3.558207106590270996e+01
2.654770112037658691e+01
3.874843382835388184e+01
3.572869396209716797e+01
3.703093123435974121e+01
2.230304384231567383e+01
5.196265792846679688e+01
5.072193098068237305e+01
3.624332976341247559e+01
2.480439209938049316e+01
2.226183986663818359e+01
3.866958999633789062e+01
3.185283088684082031e+01
1.111083793640136719e+01
1.738078975677490234e+01
2.676076006889343262e+01
3.609945797920227051e+01
2.655132889747619629e+01
3.798515105247497559e+01
3.749323511123657227e+01
2.407462406158447266e+01
4.019007277488708496e+01
2.452126693725585938e+01
2.718325209617614746e+01
3.090323805809020996e+01
3.195937371253967285e+01
3.563757276535034180e+01
4.058097696304321289e+01
2.496899318695068359e+01
1.116880583763122559e+01
3.395674276351928711e+01
2.178782105445861816e+01
1.297452807426452637e+01
2.256762909889221191e+01
1.866761279106140137e+01
2.229850769042968750e+01
3.692771720886230469e+01
4.502969908714294434e+01
4.010424423217773438e+01
2.365066885948181152e+01
1.682835721969604492e+01
2.913134789466857910e+01
1.530525398254394531e+01
3.392930221557617188e+01
3.523806786537170410e+01
2.551785302162170410e+01
1.843400502204895020e+01
1.933195710182189941e+01
3.807640504837036133e+01
2.651463317871093750e+01
1.945796704292297363e+01
2.284703803062438965e+01
3.856646203994750977e+01
2.102747488021850586e+01
2.247766709327697754e+01
2.092696428298950195e+01
2.369928073883056641e+01
1.767235207557678223e+01
2.997026705741882324e+01
3.755449199676513672e+01
4.227577900886535645e+01
2.832988309860229492e+01
2.086613202095031738e+01
2.806502103805541992e+01
2.308381175994873047e+01
2.887753295898437500e+01
2.828164792060852051e+01
3.122637796401977539e+01
3.103831791877746582e+01
2.564850306510925293e+01
3.025853085517883301e+01
1.884390115737915039e+01
2.762856388092041016e+01
1.732578706741333008e+01
2.636165690422058105e+01
1.796630716323852539e+01
2.122530508041381836e+01
2.766174674034118652e+01
1.528570604324340820e+01
1.682165575027465820e+01
2.024218106269836426e+01
1.921130108833312988e+01
1.757957386970520020e+01
2.278743600845336914e+01
2.895525097846984863e+01
1.656461191177368164e+01
1.773955488204956055e+01
1.918223118782043457e+01
1.485363507270812988e+01
1.705753588676452637e+01
1.759669971466064453e+01
1.838017892837524414e+01
2.029057717323303223e+01
2.436351013183593750e+01
2.920066094398498535e+01
1.663191986083984375e+01
1.716159200668334961e+01
1.983188724517822266e+01
2.052276182174682617e+01
1.897746992111206055e+01
1.965119075775146484e+01
1.927095103263854980e+01
1.949226069450378418e+01
1.937526702880859375e+01
2.654666090011596680e+01
1.822368788719177246e+01
2.595267105102539062e+01
1.677089500427246094e+01
2.493544387817382812e+01
2.274836993217468262e+01
1.995739507675170898e+01
2.788385486602783203e+01
2.024656391143798828e+01
3.537060523033142090e+01
2.125063610076904297e+01
2.349888586997985840e+01
1.880015897750854492e+01
2.758452177047729492e+01
3.073518514633178711e+01
2.062705993652343750e+01
2.161684823036193848e+01
2.013127803802490234e+01
2.011245703697204590e+01
2.156316304206848145e+01
2.342921185493469238e+01
3.405276370048522949e+01
2.618935084342956543e+01
1.997662210464477539e+01
2.221586918830871582e+01
2.081599521636962891e+01
2.965039205551147461e+01
2.395997691154479980e+01
3.581948494911193848e+01
2.322889113426208496e+01
2.421847486495971680e+01
2.313226389884948730e+01
2.162794589996337891e+01
2.541287899017333984e+01
3.980735611915588379e+01
2.645785713195800781e+01
2.611416816711425781e+01
2.827498197555541992e+01
4.001007270812988281e+01
2.567789411544799805e+01
1.229768514633178711e+01
2.212283515930175781e+01
2.216120886802673340e+01
1.395096802711486816e+01
2.695443987846374512e+01
2.661280107498168945e+01
2.979162502288818359e+01
2.856793093681335449e+01
2.725664615631103516e+01
3.524510121345520020e+01
2.431946396827697754e+01
3.108586597442626953e+01
2.720149087905883789e+01
2.939947628974914551e+01
2.193218517303466797e+01
2.725502490997314453e+01
2.716117882728576660e+01
2.955617594718933105e+01
2.722729134559631348e+01
3.008319902420043945e+01
2.711579990386962891e+01
1.753960299491882324e+01
1.358506226539611816e+01
3.467393088340759277e+01
2.952612090110778809e+01
2.089785528182983398e+01
2.601629018783569336e+01
2.922931694984436035e+01
2.689594507217407227e+01
3.091616678237915039e+01
3.376841402053833008e+01
3.211723089218139648e+01
2.114894890785217285e+01
4.325125408172607422e+01
3.138746809959411621e+01
2.570482611656188965e+01
2.615908908843994141e+01
3.008789873123168945e+01
3.069089102745056152e+01
2.874017429351806641e+01
2.921768689155578613e+01
2.797432875633239746e+01
3.108724570274353027e+01
1.968558192253112793e+01
3.458905506134033203e+01
2.160151791572570801e+01
3.664934563636779785e+01
3.497632312774658203e+01
3.079211425781250000e+01
3.083713579177856445e+01
2.973227787017822266e+01
3.139919590950012207e+01
2.994672513008117676e+01
2.762883090972900391e+01
4.103862190246582031e+01
2.418967485427856445e+01
3.118293809890747070e+01
3.089216017723083496e+01
2.797187995910644531e+01
2.346346807479858398e+01
3.321834397315979004e+01
3.141900110244750977e+01
3.227976703643798828e+01
2.906406593322753906e+01
3.234887814521789551e+01
3.095581316947937012e+01
3.110563898086547852e+01
2.875350785255432129e+01
2.924027991294860840e+01
3.001795506477355957e+01
2.192603921890258789e+01
2.523443484306335449e+01
1.282704591751098633e+01
1.898282861709594727e+01
2.661397099494934082e+01
1.877542209625244141e+01
1.594352006912231445e+01
2.391975402832031250e+01
3.151996088027954102e+01
2.545078587532043457e+01
1.335748791694641113e+01
2.610586118698120117e+01
3.169161128997802734e+01
3.038492679595947266e+01
3.465800023078918457e+01
3.333778810501098633e+01
2.949844384193420410e+01
2.533234786987304688e+01
1.253952002525329590e+01
1.786445379257202148e+01
1.818540525436401367e+01
2.664187908172607422e+01
2.930937099456787109e+01
2.435678172111511230e+01
2.364581298828125000e+01
2.739520573616027832e+01
3.423052096366882324e+01
2.554949879646301270e+01
2.226225709915161133e+01
1.493267393112182617e+01
2.935699892044067383e+01
2.520099878311157227e+01
2.602756714820861816e+01
2.512205624580383301e+01
2.575732183456420898e+01
2.948962187767028809e+01
2.273355412483215332e+01
2.150467491149902344e+01
3.402637696266174316e+01
2.932110309600830078e+01
3.239212083816528320e+01
3.458783793449401855e+01
2.503071022033691406e+01
1.893247890472412109e+01
2.667564415931701660e+01
2.656662607192993164e+01
1.736900091171264648e+01
1.644901299476623535e+01
2.963215899467468262e+01
2.991769886016845703e+01
2.439547610282897949e+01
1.958051204681396484e+01
2.584473800659179688e+01
3.549205684661865234e+01
2.817211699485778809e+01
2.967297506332397461e+01
1.177409625053405762e+01
1.924992012977600098e+01
3.213153696060180664e+01
1.778049683570861816e+01
3.855109405517578125e+01
3.357326507568359375e+01
2.419090580940246582e+01
2.605381608009338379e+01
2.116165494918823242e+01
1.826828122138977051e+01
2.474683475494384766e+01
4.762045693397521973e+01
2.118823409080505371e+01
2.878844118118286133e+01
2.579911804199218750e+01
1.592871332168579102e+01
2.542102885246276855e+01
2.330888581275939941e+01
2.052057003974914551e+01
1.853131890296936035e+01
2.569659805297851562e+01
2.249840116500854492e+01
2.987336015701293945e+01
2.524557495117187500e+01
2.952934694290161133e+01
1.751387119293212891e+01
2.880460810661315918e+01
1.857002902030944824e+01
3.350264310836791992e+01
3.669937396049499512e+01
1.941113185882568359e+01
3.152221298217773438e+01
2.229349303245544434e+01
1.818992519378662109e+01
2.010597968101501465e+01
1.568257689476013184e+01
2.414381217956542969e+01
3.144617390632629395e+01
1.238950800895690918e+01
2.160739493370056152e+01
1.834927821159362793e+01
3.869382405281066895e+01
1.838475799560546875e+01
2.905098915100097656e+01
2.494928407669067383e+01
1.318725371360778809e+01
2.143057680130004883e+01
1.368276619911193848e+01
3.182125401496887207e+01
2.522554683685302734e+01
1.350061416625976562e+01
1.655245304107666016e+01
2.519884014129638672e+01
2.007858204841613770e+01
2.707405686378479004e+01
1.459977889060974121e+01
3.170041704177856445e+01
4.259947896003723145e+01
1.867264890670776367e+01
2.127960395812988281e+01
3.484447193145751953e+01
3.509464001655578613e+01
3.398460888862609863e+01
2.685825204849243164e+01
2.146302795410156250e+01
2.168610787391662598e+01
2.251499795913696289e+01
2.961491703987121582e+01
2.880196619033813477e+01
3.789449381828308105e+01
1.504443287849426270e+01
2.977092099189758301e+01
2.925124502182006836e+01
2.464506220817565918e+01
2.816065311431884766e+01
1.347189712524414062e+01
2.136378312110900879e+01
3.651331925392150879e+01
3.417596697807312012e+01
2.107731890678405762e+01
2.637682890892028809e+01
2.091750693321228027e+01
4.102637505531311035e+01
2.512593793869018555e+01
3.906394720077514648e+01
4.944754624366760254e+01
3.789495611190795898e+01
2.355227303504943848e+01
2.050737810134887695e+01
1.677210712432861328e+01
2.278937411308288574e+01
1.220464110374450684e+01
3.870037913322448730e+01
2.715520477294921875e+01
2.480006694793701172e+01
2.889327406883239746e+01
1.757803893089294434e+01
3.492548084259033203e+01
1.370840311050415039e+01
2.428871798515319824e+01
1.664830422401428223e+01
2.331952500343322754e+01
1.231845283508300781e+01
1.720658206939697266e+01
1.756328010559082031e+01
1.854134798049926758e+01
2.956926369667053223e+01
1.352191495895385742e+01
2.088467025756835938e+01
3.813554692268371582e+01
2.535437679290771484e+01
2.189615678787231445e+01
1.961183691024780273e+01
3.427631878852844238e+01
2.297080516815185547e+01
1.576556396484375000e+01
2.287102723121643066e+01
3.812550401687622070e+01
1.950113296508789062e+01
1.829010796546936035e+01
3.868398523330688477e+01
1.915166997909545898e+01
1.576456904411315918e+01
2.025966715812683105e+01
3.435645270347595215e+01
3.381757092475891113e+01
3.811921477317810059e+01
2.269126677513122559e+01
3.833120203018188477e+01
3.907421803474426270e+01
3.121535110473632812e+01
1.678404688835144043e+01
1.730213189125061035e+01
1.646958327293395996e+01
2.100617098808288574e+01
1.938637709617614746e+01
1.894188499450683594e+01
2.433136296272277832e+01
1.954855298995971680e+01
2.045532798767089844e+01
2.045010685920715332e+01
2.062424302101135254e+01
2.880804491043090820e+01
1.376829695701599121e+01
2.265614986419677734e+01
4.371517896652221680e+01
2.197586798667907715e+01
3.067396497726440430e+01
3.910909390449523926e+01
2.004616212844848633e+01
1.959981179237365723e+01
2.797069072723388672e+01
5.110701680183410645e+01
1.729882693290710449e+01
2.960432291030883789e+01
1.403840589523315430e+01
4.151762986183166504e+01
3.027084398269653320e+01
3.161419892311096191e+01
1.483098793029785156e+01
2.589807105064392090e+01
2.275268030166625977e+01
4.357302498817443848e+01
2.008048486709594727e+01
3.433356714248657227e+01
3.216320300102233887e+01
2.879902696609497070e+01
3.345265674591064453e+01
2.351123023033142090e+01
2.754427480697631836e+01
2.177927780151367188e+01
2.193305420875549316e+01
3.279136610031127930e+01
1.495726513862609863e+01
2.190618109703063965e+01
2.281959915161132812e+01
2.262445068359375000e+01
1.909921717643737793e+01
1.625481963157653809e+01
3.524492120742797852e+01
2.630402421951293945e+01
9.509064912796020508e+00
1.634533786773681641e+01
3.025533318519592285e+01
2.227774167060852051e+01
2.296279811859130859e+01
9.661586761474609375e+00
2.831385278701782227e+01
2.225281000137329102e+01
1.584157490730285645e+01
1.632484722137451172e+01
9.992990016937255859e+00
1.543414187431335449e+01
2.404797792434692383e+01
2.088944005966186523e+01
2.193989086151123047e+01
1.213154911994934082e+01
1.689342498779296875e+01
2.514358210563659668e+01
1.061703205108642578e+01
2.953119611740112305e+01
2.974098491668701172e+01
1.747118377685546875e+01
2.509854602813720703e+01
2.415279078483581543e+01
2.158660984039306641e+01
1.148055887222290039e+01
1.164028310775756836e+01
1.123237204551696777e+01
1.977979588508605957e+01
2.265962886810302734e+01
1.253653931617736816e+01
2.657671403884887695e+01
1.412813687324523926e+01
2.714029312133789062e+01
1.571089887619018555e+01
1.401218199729919434e+01
3.831816697120666504e+01
1.918378400802612305e+01
1.376387286186218262e+01
1.679575824737548828e+01
1.605937409400939941e+01
1.949397110939025879e+01
2.060091114044189453e+01
2.533781504631042480e+01
1.636447930335998535e+01
2.030819368362426758e+01
1.614659786224365234e+01
1.590779328346252441e+01
2.760264015197753906e+01
2.168583297729492188e+01
2.113838911056518555e+01
2.059314799308776855e+01
2.062911224365234375e+01
1.878498697280883789e+01
2.116599678993225098e+01
2.764623379707336426e+01
3.983714318275451660e+01
2.534757709503173828e+01
2.101355075836181641e+01
2.129331374168395996e+01
2.911651206016540527e+01
2.798856616020202637e+01
2.535589194297790527e+01
2.667883300781250000e+01
1.857498598098754883e+01
2.093581366539001465e+01
2.120670413970947266e+01
2.673142814636230469e+01
1.697901678085327148e+01
3.277239418029785156e+01
2.000991606712341309e+01
3.094797015190124512e+01
2.075951409339904785e+01
2.621005678176879883e+01
2.112059187889099121e+01
1.484091186523437500e+01
1.603892397880554199e+01
2.319953584671020508e+01
1.948597097396850586e+01
1.646325302124023438e+01
1.628731513023376465e+01
2.936094999313354492e+01
2.095440101623535156e+01
2.065764284133911133e+01
2.181576919555664062e+01
1.814355731010437012e+01
1.611200785636901855e+01
1.320751881599426270e+01
3.070909380912780762e+01
2.182008290290832520e+01
1.800554966926574707e+01
2.516724681854248047e+01
3.193195891380310059e+01
1.922165298461914062e+01
1.587531304359436035e+01
2.935285210609436035e+01
1.354070782661437988e+01
1.947275304794311523e+01
2.311603808403015137e+01
1.722991275787353516e+01
1.729431009292602539e+01
1.710350775718688965e+01
2.262286210060119629e+01
2.966489410400390625e+01
2.057234621047973633e+01
1.993706703186035156e+01
1.822845983505249023e+01
1.879724335670471191e+01
1.985204362869262695e+01
1.824175715446472168e+01
1.921141910552978516e+01
1.481581115722656250e+01
1.402485990524291992e+01
1.940341496467590332e+01
1.794497013092041016e+01
2.039379024505615234e+01
2.965846085548400879e+01
1.529164695739746094e+01
3.033518791198730469e+01
2.405775094032287598e+01
2.438310694694519043e+01
2.669457197189331055e+01
2.473464202880859375e+01
2.230847573280334473e+01
1.581348180770874023e+01
3.216427803039550781e+01
2.591531276702880859e+01
3.256829214096069336e+01
1.942674088478088379e+01
3.053417015075683594e+01
3.231101107597351074e+01
1.501966404914855957e+01
2.154220819473266602e+01
2.670008397102355957e+01
3.325743389129638672e+01
1.465715193748474121e+01
2.661057829856872559e+01
2.722314310073852539e+01
1.928831577301025391e+01
1.635541296005249023e+01
1.198306369781494141e+01
1.543416404724121094e+01
2.658287405967712402e+01
2.055630826950073242e+01
1.731150794029235840e+01
2.271796584129333496e+01
2.756421709060668945e+01
3.753601384162902832e+01
3.057260179519653320e+01
2.383703589439392090e+01
2.875170707702636719e+01
2.343784713745117188e+01
2.169397115707397461e+01
1.485809874534606934e+01
1.094712805747985840e+01
2.059516787528991699e+01
2.247829008102416992e+01
2.232498478889465332e+01
3.087392091751098633e+01
1.574519872665405273e+01
1.432709407806396484e+01
1.410829472541809082e+01
4.105564093589782715e+01
2.440853214263916016e+01
2.272789311408996582e+01
3.837409400939941406e+01
2.211231613159179688e+01
1.209030795097351074e+01
1.681516122817993164e+01
2.525327301025390625e+01
2.044711494445800781e+01
3.575611996650695801e+01
1.572477674484252930e+01
3.658986806869506836e+01
2.211813521385192871e+01
2.284945106506347656e+01
2.491140913963317871e+01
2.999254727363586426e+01
1.615861511230468750e+01
3.138728499412536621e+01
2.583457112312316895e+01
1.528785085678100586e+01
1.479622292518615723e+01
2.556712293624877930e+01
2.410145783424377441e+01
2.299705600738525391e+01
1.345732092857360840e+01
2.158183598518371582e+01
2.196589183807373047e+01
3.319741678237915039e+01
2.184485387802124023e+01
1.980846118927001953e+01
2.469762301445007324e+01
1.526905012130737305e+01
1.559651517868041992e+01
1.539124464988708496e+01
3.116258287429809570e+01
3.814002013206481934e+01
2.504981613159179688e+01
2.257149910926818848e+01
2.749732804298400879e+01
1.175244498252868652e+01
2.295158576965332031e+01
1.779748916625976562e+01
2.619749307632446289e+01
2.731828999519348145e+01
2.228360009193420410e+01
2.238147711753845215e+01
2.581311416625976562e+01
2.089164924621582031e+01
1.950912690162658691e+01
1.870852589607238770e+01
2.216688084602355957e+01
2.764268708229064941e+01
2.734281873703002930e+01
2.393058800697326660e+01
1.936891722679138184e+01
2.285738110542297363e+01
1.877916502952575684e+01
2.816827893257141113e+01
3.769627380371093750e+01
2.113100314140319824e+01
4.124184918403625488e+01
3.492924189567565918e+01
1.206977701187133789e+01
3.601700615882873535e+01
2.498034191131591797e+01
2.771300292015075684e+01
3.498370409011840820e+01
3.747724413871765137e+01
3.341720199584960938e+01
3.331730508804321289e+01
3.525075507164001465e+01
3.506505680084228516e+01
3.353340005874633789e+01
3.952766013145446777e+01
3.078558993339538574e+01
3.091829609870910645e+01
2.906146931648254395e+01
3.039732003211975098e+01
2.776498413085937500e+01
3.803256702423095703e+01
3.972251987457275391e+01
3.261271500587463379e+01
2.967604494094848633e+01
3.942938494682312012e+01
3.052092003822326660e+01
3.065603399276733398e+01
2.770792913436889648e+01
3.941387295722961426e+01
2.927064585685729980e+01
3.674282693862915039e+01
3.716835403442382812e+01
2.551602625846862793e+01
3.563648986816406250e+01
3.751235198974609375e+01
2.898030209541320801e+01
3.098718595504760742e+01
3.023682188987731934e+01
3.789328503608703613e+01
1.850467586517333984e+01
2.640648913383483887e+01
3.462511205673217773e+01
3.496077799797058105e+01
3.090248179435729980e+01
2.996823501586914062e+01
4.025061821937561035e+01
2.841561532020568848e+01
4.020904517173767090e+01
3.668398690223693848e+01
2.713045597076416016e+01
3.778168082237243652e+01
1.338969206809997559e+01
4.058313822746276855e+01
3.484531092643737793e+01
1.778206014633178711e+01
3.225004315376281738e+01
3.892251896858215332e+01
2.926146602630615234e+01
3.884864401817321777e+01
3.227465701103210449e+01
3.689009904861450195e+01
3.042797493934631348e+01
3.205921626091003418e+01
3.890308809280395508e+01
3.963463115692138672e+01
3.613126182556152344e+01
3.951722288131713867e+01
3.168791913986206055e+01
2.996411299705505371e+01
2.798120808601379395e+01
3.937173581123352051e+01
3.485876178741455078e+01
2.626993083953857422e+01
3.794835186004638672e+01
1.968016099929809570e+01
3.361904406547546387e+01
3.955394291877746582e+01
3.108876705169677734e+01
4.104233694076538086e+01
2.775658893585205078e+01
1.946673417091369629e+01
3.323370122909545898e+01
3.218897676467895508e+01
1.537914395332336426e+01
3.364177393913269043e+01
2.839008593559265137e+01
1.684014415740966797e+01
4.353332400321960449e+01
3.493774294853210449e+01
2.110855698585510254e+01
4.380051898956298828e+01
3.742370390892028809e+01
3.480379796028137207e+01
2.223973798751831055e+01
1.704710316658020020e+01
2.717587709426879883e+01
2.972075390815734863e+01
3.295579290390014648e+01
2.129099988937377930e+01
3.281135201454162598e+01
4.195658302307128906e+01
2.243634915351867676e+01
3.466502022743225098e+01
3.453993225097656250e+01
2.777878999710083008e+01
3.492444396018981934e+01
4.263331580162048340e+01
4.520624804496765137e+01
3.305134010314941406e+01
4.216546416282653809e+01
2.420294189453125000e+01
4.061897277832031250e+01
3.518950605392456055e+01
1.727319812774658203e+01
2.595858311653137207e+01
2.377103209495544434e+01
4.753208971023559570e+01
4.174428319931030273e+01
2.075247406959533691e+01
2.129441785812377930e+01
3.574642086029052734e+01
3.630593585968017578e+01
2.358716297149658203e+01
3.393389821052551270e+01
3.655362272262573242e+01
1.918161010742187500e+01
4.194279909133911133e+01
1.826466894149780273e+01
4.060294127464294434e+01
1.936535382270812988e+01
1.187069010734558105e+01
1.497070312500000000e+01
2.018523001670837402e+01
2.069699692726135254e+01
9.252876996994018555e+00
2.395797610282897949e+01
1.901996302604675293e+01
1.797913670539855957e+01
2.410902619361877441e+01
9.229467868804931641e+00
2.460467720031738281e+01
2.186400580406188965e+01
2.035290908813476562e+01
3.780910396575927734e+01
2.365695405006408691e+01
1.079338717460632324e+01
1.347588205337524414e+01
2.489073419570922852e+01
1.086320590972900391e+01
2.349624896049499512e+01
3.024482297897338867e+01
1.262167024612426758e+01
2.548217964172363281e+01
2.185663676261901855e+01
8.570669651031494141e+00
2.987718892097473145e+01
2.282048678398132324e+01
2.635490918159484863e+01
2.264045596122741699e+01
2.351413416862487793e+01
2.648073196411132812e+01
2.160143494606018066e+01
1.189836382865905762e+01
2.639204192161560059e+01
2.719169306755065918e+01
2.350867080688476562e+01
1.821149921417236328e+01
2.526488685607910156e+01
2.436932826042175293e+01
2.585187888145446777e+01
2.421857309341430664e+01
2.758720397949218750e+01
2.965247607231140137e+01
1.326472187042236328e+01
2.577698898315429688e+01
2.689563226699829102e+01
2.485376000404357910e+01
2.539493083953857422e+01
2.512585401535034180e+01
2.254315614700317383e+01
2.754364013671875000e+01
2.554346776008605957e+01
2.594799590110778809e+01
3.047947192192077637e+01
2.575125503540039062e+01
2.329032492637634277e+01
2.838291001319885254e+01
2.671930384635925293e+01
1.309527397155761719e+01
2.790485906600952148e+01
1.418670892715454102e+01
3.093751120567321777e+01
1.315906620025634766e+01
9.973474979400634766e+00
3.126498389244079590e+01
1.506211996078491211e+01
2.749625706672668457e+01
3.181006312370300293e+01
1.847769284248352051e+01
1.498146390914916992e+01
3.735985732078552246e+01
1.628691005706787109e+01
2.282448935508728027e+01
2.809585309028625488e+01
1.805555200576782227e+01
1.415026307106018066e+01
3.359091281890869141e+01
1.680269598960876465e+01
1.407945322990417480e+01
3.292391610145568848e+01
1.448201298713684082e+01
1.527318501472473145e+01
2.521882390975952148e+01
3.407878184318542480e+01
3.641112923622131348e+01
3.391123080253601074e+01
1.707753992080688477e+01
1.749653077125549316e+01
1.688120293617248535e+01
3.063480210304260254e+01
1.716137814521789551e+01
2.870822906494140625e+01
2.078265500068664551e+01
2.989813971519470215e+01
1.636228609085083008e+01
1.197365975379943848e+01
1.727073597908020020e+01
5.577929592132568359e+01
1.202952384948730469e+01
5.126294589042663574e+01
1.473103094100952148e+01
1.746625614166259766e+01
2.995077800750732422e+01
1.890251684188842773e+01
1.436940097808837891e+01
5.747882390022277832e+01
1.606314015388488770e+01
1.569378805160522461e+01
1.831649112701416016e+01
3.785295605659484863e+01
3.077905082702636719e+01
2.849028682708740234e+01
1.208274602890014648e+01
1.550712585449218750e+01
1.431588625907897949e+01
1.812229895591735840e+01
1.798654103279113770e+01
1.744937491416931152e+01
1.887836527824401855e+01
1.260904669761657715e+01
1.474092698097229004e+01
1.405528020858764648e+01
3.438973307609558105e+01
1.582699680328369141e+01
1.974627780914306641e+01
1.348076820373535156e+01
1.929961609840393066e+01
1.956226396560668945e+01
2.130300378799438477e+01
1.887155008316040039e+01
1.794457602500915527e+01
3.678122901916503906e+01
2.225191903114318848e+01
1.731098580360412598e+01
2.063365125656127930e+01
1.590764188766479492e+01
1.385794520378112793e+01
1.993500518798828125e+01
1.970913982391357422e+01
1.836717581748962402e+01
2.030124330520629883e+01
2.149578976631164551e+01
1.869938611984252930e+01
1.778062605857849121e+01
1.741568613052368164e+01
2.199447488784790039e+01
2.310141968727111816e+01
3.647822999954223633e+01
2.264539599418640137e+01
2.375694417953491211e+01
1.907813978195190430e+01
2.605537104606628418e+01
1.976875281333923340e+01
9.210715770721435547e+00
2.462007665634155273e+01
1.293757224082946777e+01
2.553077816963195801e+01
2.587525296211242676e+01
1.695470786094665527e+01
1.423471689224243164e+01
1.878947806358337402e+01
2.395571994781494141e+01
2.274865198135375977e+01
1.872028493881225586e+01
1.822056388854980469e+01
2.665994429588317871e+01
1.489333677291870117e+01
1.428024101257324219e+01
2.701959300041198730e+01
1.694047307968139648e+01
2.779985809326171875e+01
1.982979011535644531e+01
2.852118301391601562e+01
2.395081305503845215e+01
2.828830695152282715e+01
1.612829589843750000e+01
1.910568594932556152e+01
1.280416011810302734e+01
1.851088190078735352e+01
2.875164699554443359e+01
1.151806902885437012e+01
2.677600693702697754e+01
1.798179602622985840e+01
2.430851411819458008e+01
1.570616507530212402e+01
2.358039689064025879e+01
1.328140020370483398e+01
1.544231081008911133e+01
1.313201475143432617e+01
1.209902620315551758e+01
1.999160003662109375e+01
2.568900895118713379e+01
1.148128223419189453e+01
1.742967486381530762e+01
1.449595904350280762e+01
1.718786096572875977e+01
2.610175490379333496e+01
1.080260086059570312e+01
1.324251699447631836e+01
1.841227984428405762e+01
1.467423272132873535e+01
1.421498703956604004e+01
1.300765895843505859e+01
1.387953114509582520e+01
1.734821772575378418e+01
1.530287981033325195e+01
2.334028887748718262e+01
2.195871424674987793e+01
2.669559097290039062e+01
1.300113892555236816e+01
1.480703592300415039e+01
3.174879407882690430e+01
2.066270995140075684e+01
1.937620401382446289e+01
1.926954889297485352e+01
1.276704573631286621e+01
2.659121489524841309e+01
2.711353278160095215e+01
2.092441916465759277e+01
2.542713212966918945e+01
1.426377415657043457e+01
1.925200676918029785e+01
3.195031404495239258e+01
1.591254878044128418e+01
1.604077386856079102e+01
1.778806495666503906e+01
2.225654911994934082e+01
2.011943888664245605e+01
3.129199504852294922e+01
2.697275900840759277e+01
2.373907399177551270e+01
2.291846513748168945e+01
3.272878003120422363e+01
2.770259189605712891e+01
1.891253519058227539e+01
2.130329298973083496e+01
2.412198996543884277e+01
1.716941094398498535e+01
2.719913697242736816e+01
2.702640700340270996e+01
2.289282083511352539e+01
2.097723388671875000e+01
2.897459316253662109e+01
1.721914505958557129e+01
1.732668995857238770e+01
2.839685106277465820e+01
1.823090505599975586e+01
1.180108213424682617e+01
2.347244501113891602e+01
2.198101592063903809e+01
1.743250632286071777e+01
2.874283909797668457e+01
2.318316602706909180e+01
2.901011824607849121e+01
2.230737686157226562e+01
2.387457728385925293e+01
2.874257087707519531e+01
2.226055288314819336e+01
2.389971113204956055e+01
2.860328912734985352e+01
3.304599976539611816e+01
2.180424022674560547e+01
1.986314916610717773e+01
3.481816220283508301e+01
2.420521903038024902e+01
1.795500898361206055e+01
2.852868819236755371e+01
2.508500003814697266e+01
1.535872912406921387e+01
2.459397196769714355e+01
2.904196715354919434e+01
2.133646273612976074e+01
2.014763593673706055e+01
2.548835992813110352e+01
3.892665410041809082e+01
2.163636398315429688e+01
2.198853993415832520e+01
2.229447793960571289e+01
2.883509492874145508e+01
2.248114681243896484e+01
2.282856082916259766e+01
1.805801963806152344e+01
3.344801783561706543e+01
1.827862691879272461e+01
2.879034495353698730e+01
2.089179110527038574e+01
1.937246394157409668e+01
2.344746589660644531e+01
2.047192597389221191e+01
2.426546001434326172e+01
1.270684003829956055e+01
3.049049401283264160e+01
2.537300920486450195e+01
3.079624795913696289e+01
2.379323697090148926e+01
3.203597497940063477e+01
1.982466506958007812e+01
2.650476002693176270e+01
2.515381002426147461e+01
1.253871488571166992e+01
1.006984591484069824e+01
2.710494112968444824e+01
2.698276996612548828e+01
2.023286914825439453e+01
1.563269305229187012e+01
1.136414480209350586e+01
2.680953598022460938e+01
2.718801307678222656e+01
2.447158026695251465e+01
1.656131505966186523e+01
1.811631703376770020e+01
2.191099810600280762e+01
1.961196804046630859e+01
1.482622718811035156e+01
1.417612481117248535e+01
2.804688978195190430e+01
2.857866692543029785e+01
1.816651010513305664e+01
2.504939603805541992e+01
1.482340764999389648e+01
2.505284142494201660e+01
2.589720177650451660e+01
1.765632009506225586e+01
1.209723401069641113e+01
1.546916198730468750e+01
1.554430198669433594e+01
1.296165585517883301e+01
1.630199718475341797e+01
1.596110796928405762e+01
1.637756109237670898e+01
2.155232906341552734e+01
2.157334089279174805e+01
1.343940401077270508e+01
1.740242314338684082e+01
3.515837287902832031e+01
1.511647319793701172e+01
3.318655371665954590e+01
1.995249104499816895e+01
7.820106983184814453e+00
1.660247206687927246e+01
1.608176112174987793e+01
2.006087017059326172e+01
3.063144612312316895e+01
1.947006893157958984e+01
1.988818931579589844e+01
2.683261609077453613e+01
1.714329409599304199e+01
1.989597511291503906e+01
2.123141908645629883e+01
1.845010185241699219e+01
1.668026399612426758e+01
1.562246108055114746e+01
2.689829468727111816e+01
1.620145082473754883e+01
2.104949188232421875e+01
2.227645707130432129e+01
9.560630083084106445e+00
2.745897388458251953e+01
7.397354841232299805e+00
1.899952316284179688e+01
1.719270324707031250e+01
2.795451092720031738e+01
1.786686015129089355e+01
1.973481702804565430e+01
2.022644615173339844e+01
2.172471618652343750e+01
2.072505903244018555e+01
1.078176784515380859e+01
2.359636664390563965e+01
1.377027320861816406e+01
1.822354197502136230e+01
1.675756502151489258e+01
2.257382416725158691e+01
2.494346284866333008e+01
2.226067209243774414e+01
2.209208893775939941e+01
2.936093592643737793e+01
2.589132690429687500e+01
2.293477773666381836e+01
2.429595899581909180e+01
2.012988996505737305e+01
2.076428008079528809e+01
2.314644503593444824e+01
1.520330023765563965e+01
2.282223272323608398e+01
2.317272996902465820e+01
2.074502706527709961e+01
1.890849089622497559e+01
2.742378115653991699e+01
2.487212991714477539e+01
2.821051192283630371e+01
2.004123497009277344e+01
2.391298699378967285e+01
3.033197402954101562e+01
2.259984087944030762e+01
2.452703595161437988e+01
1.705897998809814453e+01
2.328463721275329590e+01
1.642653179168701172e+01
2.967293691635131836e+01
3.155188584327697754e+01
2.469479608535766602e+01
2.538237690925598145e+01
2.635587000846862793e+01
1.093879914283752441e+01
4.079623293876647949e+01
2.234734797477722168e+01
2.697150707244873047e+01
3.887323498725891113e+01
3.078847885131835938e+01
3.190233016014099121e+01
3.584892296791076660e+01
3.023330187797546387e+01
2.656729102134704590e+01
1.937465286254882812e+01
2.696427106857299805e+01
2.183163309097290039e+01
2.617929291725158691e+01
2.320223784446716309e+01
2.881623911857604980e+01
3.848128104209899902e+01
3.000453877449035645e+01
1.421006202697753906e+01
2.037613511085510254e+01
1.833435702323913574e+01
2.165546393394470215e+01
2.583584189414978027e+01
2.995022797584533691e+01
2.987201118469238281e+01
3.742611217498779297e+01
1.365888214111328125e+01
3.518255281448364258e+01
2.813191795349121094e+01
2.910943293571472168e+01
1.842347383499145508e+01
2.948225092887878418e+01
1.709427905082702637e+01
3.949544811248779297e+01
1.829351115226745605e+01
2.621245789527893066e+01
2.081562805175781250e+01
3.201028299331665039e+01
2.650637316703796387e+01
3.234809088706970215e+01
3.240253281593322754e+01
3.498544096946716309e+01
2.011840486526489258e+01
1.929060411453247070e+01
2.165985274314880371e+01
2.233409881591796875e+01
3.132376313209533691e+01
3.004807090759277344e+01
2.553535199165344238e+01
2.898432207107543945e+01
2.776331114768981934e+01
2.170412611961364746e+01
3.332382702827453613e+01
2.178052115440368652e+01
2.283972573280334473e+01
2.170511388778686523e+01
2.772216415405273438e+01
2.405043411254882812e+01
3.610834383964538574e+01
3.773248004913330078e+01
1.936111497879028320e+01
2.655810499191284180e+01
2.334442114830017090e+01
1.152984809875488281e+01
2.730864191055297852e+01
2.715753817558288574e+01
2.310717105865478516e+01
2.049907684326171875e+01
1.482439708709716797e+01
2.862995886802673340e+01
2.909302926063537598e+01
2.311720490455627441e+01
1.265188980102539062e+01
2.648394513130187988e+01
2.882994794845581055e+01
1.658606219291687012e+01
1.906219601631164551e+01
2.179170203208923340e+01
2.537861394882202148e+01
2.185666584968566895e+01
2.773352885246276855e+01
1.797324204444885254e+01
1.386454486846923828e+01
2.252606296539306641e+01
1.550387787818908691e+01
2.222246217727661133e+01
2.555798316001892090e+01
2.717607498168945312e+01
2.524984979629516602e+01
2.877978515625000000e+01
1.727951002120971680e+01
2.412427902221679688e+01
2.404484081268310547e+01
1.235047888755798340e+01
2.325183391571044922e+01
2.709976315498352051e+01
3.120661592483520508e+01
1.509543013572692871e+01
1.553230786323547363e+01
2.461561417579650879e+01
2.653518295288085938e+01
2.978725504875183105e+01
2.230629730224609375e+01
2.403743410110473633e+01
2.207505393028259277e+01
2.635030198097229004e+01
2.424531793594360352e+01
1.895167088508605957e+01
2.004875922203063965e+01
1.719263195991516113e+01
1.142362785339355469e+01
2.310657095909118652e+01
1.932807612419128418e+01
1.366939377784729004e+01
1.163483786582946777e+01
2.833091211318969727e+01
1.198419475555419922e+01
1.776978206634521484e+01
2.015980982780456543e+01
3.452664995193481445e+01
2.655344200134277344e+01
2.082137393951416016e+01
2.924119114875793457e+01
1.840573883056640625e+01
2.538404679298400879e+01
1.890399837493896484e+01
1.954179596900939941e+01
1.722573995590209961e+01
2.731905102729797363e+01
2.578079795837402344e+01
1.843151283264160156e+01
2.544168996810913086e+01
2.704245710372924805e+01
3.343557286262512207e+01
1.762371373176574707e+01
2.915791487693786621e+01
2.781831288337707520e+01
2.475326085090637207e+01
2.860906720161437988e+01
1.267061591148376465e+01
1.716618990898132324e+01
2.756129479408264160e+01
2.261740803718566895e+01
3.225792193412780762e+01
1.432211112976074219e+01
3.671129703521728516e+01
2.473823833465576172e+01
7.886351823806762695e+00
8.645038843154907227e+00
2.729948496818542480e+01
1.577484798431396484e+01
1.989950537681579590e+01
2.498699688911437988e+01
2.935260224342346191e+01
2.554478812217712402e+01
1.746931934356689453e+01
2.464920091629028320e+01
1.400174307823181152e+01
1.112456011772155762e+01
2.086667680740356445e+01
1.756617498397827148e+01
1.616973018646240234e+01
1.558123898506164551e+01
1.276894593238830566e+01
1.642221689224243164e+01
3.818713903427124023e+01
2.453021407127380371e+01
1.238376283645629883e+01
2.389250802993774414e+01
1.930600500106811523e+01
2.469419002532958984e+01
1.208326506614685059e+01
2.354033112525939941e+01
1.464709401130676270e+01
1.807089996337890625e+01
1.418553781509399414e+01
2.000017118453979492e+01
1.120360922813415527e+01
1.916042804718017578e+01
9.054101943969726562e+00
2.453851389884948730e+01
1.637640476226806641e+01
2.536923480033874512e+01
2.010510611534118652e+01
1.492879819869995117e+01
3.209750699996948242e+01
2.027790307998657227e+01
2.471315526962280273e+01
1.503327274322509766e+01
2.364379596710205078e+01
1.313405990600585938e+01
1.240713119506835938e+01
2.683385181427001953e+01
1.839271187782287598e+01
1.887228679656982422e+01
2.030657482147216797e+01
2.109905004501342773e+01
1.946355199813842773e+01
2.607437491416931152e+01
1.641028118133544922e+01
2.032525897026062012e+01
1.267497301101684570e+01
3.818674468994140625e+01
1.755250096321105957e+01
3.043142700195312500e+01
3.213539695739746094e+01
2.313918304443359375e+01
2.479286289215087891e+01
3.814209389686584473e+01
1.816827797889709473e+01
2.219845914840698242e+01
1.828788805007934570e+01
2.359608483314514160e+01
2.666022825241088867e+01
2.781516194343566895e+01
1.414031529426574707e+01
3.396120500564575195e+01
1.407261204719543457e+01
2.654874610900878906e+01
2.921008181571960449e+01
2.652934885025024414e+01
1.689953899383544922e+01
1.672983574867248535e+01
1.793330907821655273e+01
1.962757706642150879e+01
4.184031319618225098e+01
1.938187003135681152e+01
1.923127102851867676e+01
2.465415596961975098e+01
2.424204301834106445e+01
1.953925991058349609e+01
2.899279403686523438e+01
2.616374111175537109e+01
2.164845895767211914e+01
2.548982691764831543e+01
2.463748025894165039e+01
2.520615696907043457e+01
2.003040528297424316e+01
1.513201308250427246e+01
2.448556494712829590e+01
2.209142684936523438e+01
4.759586524963378906e+01
1.562557959556579590e+01
2.096829509735107422e+01
2.502994179725646973e+01
2.465654587745666504e+01
1.488458180427551270e+01
1.883114123344421387e+01
2.146332383155822754e+01
2.438706016540527344e+01
2.842751002311706543e+01
2.169734716415405273e+01
1.635064888000488281e+01
2.477373480796813965e+01
1.692582297325134277e+01
2.709365606307983398e+01
2.536379384994506836e+01
8.731879949569702148e+00
2.110074400901794434e+01
2.248514175415039062e+01
3.098243570327758789e+01
1.075259685516357422e+01
1.142656207084655762e+01
1.296735215187072754e+01
1.640023279190063477e+01
1.425014972686767578e+01
1.328897190093994141e+01
2.620356702804565430e+01
2.276677203178405762e+01
1.290854406356811523e+01
1.307547807693481445e+01
1.398473238945007324e+01
2.417777895927429199e+01
1.578897094726562500e+01
1.635309576988220215e+01
1.175097489356994629e+01
2.119949197769165039e+01
1.512426495552062988e+01
2.524653005599975586e+01
2.593058800697326660e+01
2.145700502395629883e+01
1.175830793380737305e+01
1.507766604423522949e+01
2.391624593734741211e+01
1.843128108978271484e+01
1.732053589820861816e+01
3.035332798957824707e+01
1.575150012969970703e+01
2.348479795455932617e+01
1.342341685295104980e+01
2.094389915466308594e+01
1.907451701164245605e+01
2.590301322937011719e+01
1.635985779762268066e+01
2.354308319091796875e+01
2.154884195327758789e+01
1.966260099411010742e+01
1.522997236251831055e+01
2.506708097457885742e+01
1.397506785392761230e+01
1.939334297180175781e+01
1.599510812759399414e+01
2.080532026290893555e+01
2.507218503952026367e+01
2.166050505638122559e+01
2.507753396034240723e+01
9.867507934570312500e+00
1.404997706413269043e+01
2.323057699203491211e+01
1.586371994018554688e+01
1.509996914863586426e+01
2.188980007171630859e+01
1.655350303649902344e+01
1.521686410903930664e+01
1.395533299446105957e+01
1.569285583496093750e+01
1.484386706352233887e+01
1.766636371612548828e+01
1.531305003166198730e+01
1.808999919891357422e+01
9.296064138412475586e+00
1.738588309288024902e+01
1.484227299690246582e+01
1.665210485458374023e+01
1.881893706321716309e+01
1.952670001983642578e+01
2.257886099815368652e+01
1.551586627960205078e+01
1.962794017791748047e+01
1.213790011405944824e+01
1.952459597587585449e+01
2.174352002143859863e+01
2.063734507560729980e+01
1.314136219024658203e+01
2.104221391677856445e+01
2.194181013107299805e+01
1.798026919364929199e+01
2.332050919532775879e+01
2.641784381866455078e+01
2.411947917938232422e+01
2.291862010955810547e+01
1.246027493476867676e+01
2.389970993995666504e+01
1.296177625656127930e+01
2.249491405487060547e+01
1.516703701019287109e+01
2.256984806060791016e+01
2.569634628295898438e+01
1.972501707077026367e+01
1.511292076110839844e+01
2.284617900848388672e+01
2.579352307319641113e+01
1.547538876533508301e+01
2.398747897148132324e+01
2.108616995811462402e+01
2.849135208129882812e+01
3.064100003242492676e+01
2.893632102012634277e+01
2.038809490203857422e+01
2.864660310745239258e+01
3.141016602516174316e+01
2.898506379127502441e+01
2.257578420639038086e+01
1.759459209442138672e+01
1.835930490493774414e+01
2.944377803802490234e+01
1.089092779159545898e+01
2.139731979370117188e+01
2.493046617507934570e+01
2.455484795570373535e+01
2.919214677810668945e+01
2.636530995368957520e+01
2.020935916900634766e+01
1.907539486885070801e+01
2.039610409736633301e+01
2.057007098197937012e+01
2.887259697914123535e+01
2.065086793899536133e+01
2.221767425537109375e+01
1.250125002861022949e+01
2.594868803024291992e+01
2.861384391784667969e+01
2.878879904747009277e+01
3.426718688011169434e+01
1.329766607284545898e+01
1.969744300842285156e+01
1.439920902252197266e+01
2.425054407119750977e+01
3.857827901840209961e+01
3.561338520050048828e+01
3.359970617294311523e+01
2.307028079032897949e+01
1.365442895889282227e+01
2.485399198532104492e+01
3.510603809356689453e+01
2.754026699066162109e+01
1.057153511047363281e+01
1.622026491165161133e+01
2.468116807937622070e+01
2.973971509933471680e+01
2.129230499267578125e+01
4.290983390808105469e+01
1.190570688247680664e+01
1.675954484939575195e+01
3.068893694877624512e+01
4.290719318389892578e+01
2.454288482666015625e+01
2.546965289115905762e+01
1.694638609886169434e+01
1.363963699340820312e+01
3.080846881866455078e+01
2.130582571029663086e+01
9.774574995040893555e+00
1.542632007598876953e+01
1.316170501708984375e+01
1.496912407875061035e+01
1.859056806564331055e+01
1.289968585968017578e+01
2.813129591941833496e+01
1.626199007034301758e+01
1.743506598472595215e+01
1.617077612876892090e+01
1.712820291519165039e+01
3.494127511978149414e+01
1.400001096725463867e+01
1.487106108665466309e+01
2.119343829154968262e+01
1.665642070770263672e+01
1.905600380897521973e+01
1.636996316909790039e+01
2.454402685165405273e+01
8.036695957183837891e+00
1.807881212234497070e+01
1.700091409683227539e+01
2.387125802040100098e+01
2.188532996177673340e+01
1.704083514213562012e+01
3.068114590644836426e+01
2.368726897239685059e+01
8.632059097290039062e+00
9.099003791809082031e+00
3.458298587799072266e+01
2.823027682304382324e+01
1.943014717102050781e+01
2.420671319961547852e+01
2.178352594375610352e+01
3.324230504035949707e+01
2.757911896705627441e+01
2.298190808296203613e+01
2.103937506675720215e+01
1.869361805915832520e+01
2.032237792015075684e+01
2.068948101997375488e+01
1.393530011177062988e+01
1.037105393409729004e+01
2.409547781944274902e+01
8.236806869506835938e+00
2.911373615264892578e+01
2.259658288955688477e+01
3.224793863296508789e+01
1.167841410636901855e+01
1.040404391288757324e+01
9.630753755569458008e+00
1.050263690948486328e+01
8.720281124114990234e+00
1.794707679748535156e+01
1.497454094886779785e+01
1.557294106483459473e+01
2.982559394836425781e+01
2.529837417602539062e+01
1.805666184425354004e+01
1.414834833145141602e+01
2.181256079673767090e+01
2.349350714683532715e+01
1.913322496414184570e+01
2.080021715164184570e+01
2.326652383804321289e+01
2.480635094642639160e+01
2.085700893402099609e+01
1.632892513275146484e+01
1.478050374984741211e+01
1.669014668464660645e+01
1.055375313758850098e+01
1.694289588928222656e+01
1.093394422531127930e+01
1.989975214004516602e+01
2.727357387542724609e+01
2.393413591384887695e+01
2.172563004493713379e+01
1.888331317901611328e+01
1.189642500877380371e+01
2.415849590301513672e+01
2.598641896247863770e+01
2.186294293403625488e+01
1.954792189598083496e+01
1.433006119728088379e+01
2.293760895729064941e+01
2.292195296287536621e+01
1.535269403457641602e+01
1.794726395606994629e+01
2.633871793746948242e+01
1.921008205413818359e+01
2.321304392814636230e+01
1.445181322097778320e+01
8.616818904876708984e+00
9.028432846069335938e+00
1.925214910507202148e+01
3.121235990524291992e+01
9.048036098480224609e+00
1.425303816795349121e+01
2.214830589294433594e+01
8.277975797653198242e+00
1.174625110626220703e+01
8.723189830780029297e+00
2.473965907096862793e+01
1.692385578155517578e+01
2.647153091430664062e+01
2.139649677276611328e+01
2.296324181556701660e+01
1.783802890777587891e+01
1.566586494445800781e+01
4.376360511779785156e+01
2.289542007446289062e+01
2.249122095108032227e+01
3.281106495857238770e+01
2.437013816833496094e+01
2.299986982345581055e+01
2.339235901832580566e+01
1.829304981231689453e+01
1.685183215141296387e+01
1.874995684623718262e+01
1.779962992668151855e+01
1.122645521163940430e+01
1.646756315231323242e+01
1.579430985450744629e+01
2.789830803871154785e+01
1.791815686225891113e+01
2.794909691810607910e+01
2.804409337043762207e+01
2.717047595977783203e+01
2.043706679344177246e+01
2.495620703697204590e+01
2.890104198455810547e+01
1.431734490394592285e+01
1.368770837783813477e+01
1.559130716323852539e+01
1.469951701164245605e+01
1.907868909835815430e+01
2.829519796371459961e+01
1.757427716255187988e+01
2.499833607673645020e+01
2.104143381118774414e+01
1.857558393478393555e+01
3.511646795272827148e+01
2.892547607421875000e+01
4.228065013885498047e+01
2.131082701683044434e+01
2.087728309631347656e+01
3.058283615112304688e+01
2.146080493927001953e+01
2.552858400344848633e+01
9.701493978500366211e+00
9.111824989318847656e+00
1.738089227676391602e+01
1.541635990142822266e+01
2.062409329414367676e+01
2.322548699378967285e+01
2.338674569129943848e+01
2.031227493286132812e+01
2.301903104782104492e+01
2.569756531715393066e+01
2.812315511703491211e+01
2.276335406303405762e+01
1.709383893013000488e+01
2.681001496315002441e+01
1.557388687133789062e+01
2.313773107528686523e+01
2.764876008033752441e+01
2.268031477928161621e+01
1.933293294906616211e+01
2.883680891990661621e+01
2.956637787818908691e+01
2.589943289756774902e+01
2.662813401222229004e+01
1.576964306831359863e+01
2.986374402046203613e+01
1.704682302474975586e+01
2.483861184120178223e+01
1.895022201538085938e+01
3.602697801589965820e+01
3.804820370674133301e+01
3.187055802345275879e+01
2.734459018707275391e+01
3.391147065162658691e+01
3.901197218894958496e+01
1.999321198463439941e+01
3.553141880035400391e+01
3.217970895767211914e+01
2.406583404541015625e+01
3.199169993400573730e+01
4.007015919685363770e+01
1.871536087989807129e+01
2.147491812705993652e+01
3.089357399940490723e+01
2.852710700035095215e+01
2.365778017044067383e+01
3.031606197357177734e+01
2.550656485557556152e+01
3.038389706611633301e+01
2.792850184440612793e+01
2.172503614425659180e+01
2.551093888282775879e+01
2.399348711967468262e+01
2.432311487197875977e+01
2.429013395309448242e+01
2.262848877906799316e+01
2.554735398292541504e+01
2.843501496315002441e+01
2.976561212539672852e+01
3.631027984619140625e+01
2.698784589767456055e+01
3.273615527153015137e+01
1.961087894439697266e+01
3.688479280471801758e+01
1.975534415245056152e+01
2.745069003105163574e+01
1.564463686943054199e+01
1.855234003067016602e+01
2.034657216072082520e+01
2.383214092254638672e+01
2.923343896865844727e+01
3.320156788825988770e+01
2.108469700813293457e+01
3.534701895713806152e+01
2.846069979667663574e+01
2.461918902397155762e+01
2.002521920204162598e+01
1.555552983283996582e+01
2.734765911102294922e+01
2.477997493743896484e+01
2.234757089614868164e+01
2.651298499107360840e+01
3.880413603782653809e+01
2.495690107345581055e+01
3.726289200782775879e+01
2.844625496864318848e+01
2.779133701324462891e+01
2.758605694770812988e+01
1.905033707618713379e+01
3.649240398406982422e+01
1.846845889091491699e+01
1.618367099761962891e+01
1.963434290885925293e+01
2.060932087898254395e+01
1.743204092979431152e+01
4.362729501724243164e+01
1.630406498908996582e+01
7.708366870880126953e+00
3.145589518547058105e+01
1.976905655860900879e+01
1.617231678962707520e+01
1.008961701393127441e+01
1.056759285926818848e+01
1.479452681541442871e+01
1.060544276237487793e+01
3.528625297546386719e+01
2.900943207740783691e+01
2.392561793327331543e+01
1.318153810501098633e+01
2.135382008552551270e+01
2.244240427017211914e+01
1.520200276374816895e+01
1.862323880195617676e+01
9.328029155731201172e+00
1.155259919166564941e+01
1.644257807731628418e+01
4.065860891342163086e+01
2.361581087112426758e+01
2.061352610588073730e+01
1.363572907447814941e+01
9.577157258987426758e+00
9.455319881439208984e+00
1.530291199684143066e+01
1.014013409614562988e+01
1.147118616104125977e+01
2.584398698806762695e+01
9.568308115005493164e+00
1.519439721107482910e+01
9.870681047439575195e+00
2.617180323600769043e+01
2.088686418533325195e+01
1.387411475181579590e+01
1.362887096405029297e+01
1.763358092308044434e+01
3.541183900833129883e+01
1.487353086471557617e+01
1.651125502586364746e+01
1.289053606986999512e+01
3.602237486839294434e+01
1.290158104896545410e+01
1.808406400680541992e+01
1.432193398475646973e+01
1.543310499191284180e+01
2.484510207176208496e+01
1.487349104881286621e+01
2.015690898895263672e+01
2.497067284584045410e+01
1.887962007522583008e+01
4.219713187217712402e+01
1.942024707794189453e+01
8.290792942047119141e+00
1.950789690017700195e+01
3.087654399871826172e+01
3.012353491783142090e+01
8.274223089218139648e+00
3.214801573753356934e+01
2.055607199668884277e+01
2.040832710266113281e+01
1.736306810379028320e+01
2.338170003890991211e+01
1.663724088668823242e+01
2.040487217903137207e+01
1.668437790870666504e+01
1.996885871887207031e+01
1.661704611778259277e+01
1.623464035987854004e+01
1.377331876754760742e+01
1.878848290443420410e+01
1.427590179443359375e+01
3.161387372016906738e+01
1.572083616256713867e+01
2.644180798530578613e+01
1.987497687339782715e+01
1.105314397811889648e+01
1.809661889076232910e+01
1.880104994773864746e+01
1.464046692848205566e+01
1.258927702903747559e+01
2.258934307098388672e+01
2.089424610137939453e+01
1.783648800849914551e+01
1.770675992965698242e+01
1.841395378112792969e+01
1.146215915679931641e+01
2.135662603378295898e+01
1.973490595817565918e+01
8.561026096343994141e+00
1.828170394897460938e+01
1.979424500465393066e+01
2.052595520019531250e+01
2.551252889633178711e+01
1.028487277030944824e+01
9.587073802947998047e+00
2.246639204025268555e+01
9.319839954376220703e+00
1.967368698120117188e+01
2.725905013084411621e+01
1.372780108451843262e+01
1.848787784576416016e+01
2.398727917671203613e+01
1.618490910530090332e+01
1.709183120727539062e+01
2.269752502441406250e+01
2.942263078689575195e+01
1.532262921333312988e+01
1.909995985031127930e+01
9.057264089584350586e+00
8.229994058609008789e+00
1.427889323234558105e+01
2.531605792045593262e+01
1.097984409332275391e+01
2.128743982315063477e+01
1.938985610008239746e+01
2.683157610893249512e+01
2.457976913452148438e+01
2.312563705444335938e+01
1.402289700508117676e+01
2.017713999748229980e+01
2.955096220970153809e+01
2.606142783164978027e+01
2.272363901138305664e+01
1.494015789031982422e+01
1.507070207595825195e+01
1.052477097511291504e+01
3.144075798988342285e+01
2.257452702522277832e+01
2.489791202545166016e+01
9.555444955825805664e+00
2.759412217140197754e+01
8.833170890808105469e+00
2.548606920242309570e+01
1.604332017898559570e+01
2.386516690254211426e+01
2.599885797500610352e+01
1.796642684936523438e+01
2.102859210968017578e+01
2.365973305702209473e+01
2.300798416137695312e+01
2.970955896377563477e+01
2.416586780548095703e+01
2.446653008460998535e+01
1.855908799171447754e+01
2.619021201133728027e+01
2.605132007598876953e+01
1.194179606437683105e+01
9.555501937866210938e+00
2.915318799018859863e+01
2.126652002334594727e+01
2.964008593559265137e+01
1.784178304672241211e+01
2.005025982856750488e+01
1.812239313125610352e+01
1.752057194709777832e+01
2.276541996002197266e+01
1.880104398727416992e+01
2.435554194450378418e+01
2.015322875976562500e+01
2.695857572555541992e+01
1.183618211746215820e+01
2.854674172401428223e+01
2.304924583435058594e+01
2.252502989768981934e+01
2.884273409843444824e+01
3.090108108520507812e+01
1.816608285903930664e+01
